79613
882166
1038061
1250927
2843538
3274951
3437424
3445787
3548878
3742646
3872568
4902943
4945852
5360044
6756550
7120810
7826879
7980621
8699416
9351756
9500634
9649336
9673932
10269774
10764456
11298622
11996626
12292509
12295967
12353510
12697830
13160201
13259723
14170773
14972931
16164439
17180172
17206965
17347791
18044904
18230936
18615325
18972270
19540951
19667454
19692142
20017121
20372055
20635334
20830681
21284658
21473486
22120473
22328224
22667781
22687186
22778080
22895087
22986050
23093738
23396428
24027902
24401888
25293407
26822469
26825127
27292759
27335639
27485151
27508143
28615928
28663283
29230819
30375512
31357934
32230638
33167220
35539926
36499011
36980517
38591184
39320357
39385186
41184427
41399494
41769879
41826944
41832277
41837436
42063913
42162145
42728757
42829251
43332905
43344498
43440966
43764405
43774050
43921429
43990465
45476684
45833227
45885356
46529127
46809303
47680652
48575519
48798506
48937790
49187792
50417279
50592123
50915749
51051936
51992205
53373980
54258508
56233626
56546187
56980934
57268955
57603834
58200474
58806808
58812405
59904961
60085044
60163141
60998911
61527969
61550298
62078985
64353830
65676905
66167975
66363554
66997516
67444249
68072126
68400655
68797202
69088378
69241506
69855570
70269784
70680138
71382859
71660489
72013955
72459627
72927783
73204565
73529954
73611421
74342236
74790116
74887932
75289938
75998682
76672132
77054674
77350290
77753731
78179843
78338920
79801534
80269829
81210604
81303459
81668076
81801637
82789051
84263698
84499682
84913281
85666779
86944238
87034298
87741483
87969047
88038023
88304133
88739999
89181492
90232234
90273790
90747595
91286209
91924504
92502511
93514943
93534753
94004688
94499289
96957291
97426805
98915842
99612357
100443910
101331253
101775004
102209451
103010955
103181591
103298463
104095571
104573111
104594377
105335273
105379988
106487239
109364471
109535945
111067380
111330546
112218327
112760615
112929631
113065466
113127779
113431081
113463658
114305860
114319420
114754887
115362943
116480601
116663666
117562164
117622163
117963468
118105672
118159652
118309629
118460855
119061314
119351395
119592634
120517824
120886058
121723695
123155681
123516048
123994306
124210686
124453038
124713205
125064272
125099589
125438644
126964907
127490351
127818192
130172048
130565396
131248720
131410013
132163924
133056520
133707452
134674791
135384191
135821524
136304005
136875851
137158297
137435334
137673783
137834362
138676440
139643822
140170107
140179624
141715161
141932867
142790874
144019094
144236550
145415083
145437828
145803286
146882096
147119476
147478915
149224347
150123874
151136166
151607553
152310291
152534831
152596150
153227976
153397763
153439937
153454481
153569662
153899515
156193592
156275804
157162794
157246719
158175709
158849436
159514388
160058098
161023367
161056771
161388065
161492557
161572911
161840472
162087346
162242247
162381877
162757663
162938271
163301134
163585417
163996912
165450053
165830310
165910041
167370414
168461652
168522213
168608300
169377762
169750858
169797956
170706408
171694226
171848711
173358489
173988971
174914524
175043384
175273044
175639232
175658619
176568648
176909546
177155296
177623878
178184328
178246312
178324368
179261495
180040915
181144515
182995051
183163933
183275238
184180804
184586295
186897788
187633738
187695739
188079146
188117589
188777317
189677996
190023795
190536802
190911436
191392439
191568692
192467751
192485015
192842154
193246848
193985525
194323158
194421683
194817897
195076025
195287512
195289948
195438920
195780325
196145056
196178065
196465527
198690910
198832709
198889334
199543288
200637290
200946206
200957802
201640124
203254795
203520349
203995866
204797272
205824457
205864154
206009848
206194961
207368416
207517036
207931216
207958446
208607140
209898300
210428583
210766819
210890652
212323267
212686465
214039673
214627624
214748094
214886590
215154127
215915520
216237313
218588300
219751666
220334664
220647280
220790726
220932685
221075962
221110220
221742399
222364592
222867729
223700967
224676256
224779629
225098106
225961587
226762284
227011196
227515985
227666852
228283013
228600798
228739283
229853439
231969267
233627595
234255906
234809121
236402742
236580498
236667219
237397782
238860511
239758064
240414047
240842987
241354043
241375308
241582704
241982114
242021430
243564737
246860331
246966972
247325876
247525051
247535358
248355167
248447719
248818213
249169033
249241245
249656035
249689014
250123411
250225363
250520387
250768438
250935077
251094194
252667687
253938970
254242015
254607640
255172073
255318846
255588615
255687901
255713022
256152472
256274899
256585228
256588771
256661125
257434438
257991268
258075667
258194215
258287522
258479736
258991000
259895513
260639410
261975136
263617645
263980185
264697161
265002551
265031305
265201657
265262547
265363426
265782258
265800314
266523159
266692313
267155262
267639744
267714151
268048541
268520589
269072886
269935138
272357044
273102309
273203422
273325873
273704241
273925197
274066148
274593683
274904715
274970756
275155281
275158792
275740440
276431803
276449653
276571067
276901382
277440464
277944557
278144245
278743778
279340361
280449938
281019485
281787365
283617097
283810862
286237742
286435648
287298673
287659326
288186967
290034314
291134525
291861740
291929050
292036396
292819246
292965490
293026470
293057744
294063028
294091136
294406986
294873017
294887058
295040056
295064337
295644892
296201463
296626621
297460854
297977112
298850379
298859699
299253027
299609264
299886902
300069819
301099825
301806637
301981261
302982307
303513159
304134530
304374777
304843584
305511103
305782191
305855718
306702175
306740785
307058982
307227181
307468544
307602970
307791999
308086865
308345668
308347073
308531234
309234356
309297412
310267333
311020058
311483931
311679350
311800831
312677155
312937800
313013607
313870174
314461609
314503767
314558702
314691954
315750257
316574272
317435385
318010119
318330519
319538044
319572614
320530441
321364287
321823709
322526238
322781009
323016684
323111343
323467698
323632038
324033964
324769308
324777919
324881924
324987613
324999743
326479810
326550915
328045184
328681822
330306086
330515938
331402627
332200058
333145332
335737053
336490707
336621132
336733494
336759812
337350016
337623179
337791619
337930078
338073653
338326735
338572732
339915281
340149561
340936705
342809790
343397532
343963519
345084536
345253958
345731569
345754985
346470203
347298774
347344824
347374889
348473630
348641313
348731486
350209574
351022153
351025076
351184948
351459009
352129830
353126072
354011187
354250412
354323054
354378161
355460475
357035783
357331760
358064296
358364080
358456599
358533956
358679155
358724534
358898964
359091710
359924161
360511815
360541081
360627721
361384037
361736048
362006452
362696895
363329622
363788126
363853549
364189549
366005089
366582210
368854147
369000477
369538553
369560504
369742863
370967549
371746712
371841369
372401511
373278458
373950611
374191731
374367022
374896663
376559035
376711399
376840818
377460834
378391011
379233768
379684532
379986817
380035344
380384961
381023973
381226042
381291430
381548327
381791856
382921646
383390196
383613771
384451192
385260100
385634540
387248407
387522140
387760371
388284654
389107282
389763050
389970775
390880790
391055160
392050850
392081596
392136779
393208961
393307500
393421514
393792967
393945777
394109077
394309242
395116286
395356844
395579322
395867698
396425656
396768057
396900679
397189422
397933774
398745069
399928209
401016858
401502561
401631364
401958731
402715045
402956718
403340664
404505459
405303314
405335584
406878617
407102063
409997354
411032585
411170715
411857980
412026835
413119392
414782394
415660380
416208810
416343704
416671716
417445371
417715136
418431676
418876668
419010235
419327262
419912569
420920476
421189901
422486911
422907340
423396314
423790169
424344895
424485845
424745760
425472742
425980277
426439184
426588208
426692348
427088309
427829488
427899132
427978085
428279454
428283280
428440382
429015006
429185875
429254647
429895847
430269712
430587496
430886870
432380280
432415655
433643904
434431269
434736922
435844677
436142492
436695933
437300479
438893666
439088156
439432914
439433216
440793357
441057072
441620562
441685125
441733349
442086461
442677187
443575811
443661554
443863155
444117527
446184746
446282875
447678820
447933600
448099557
449614293
449627330
449774362
449775847
452559187
452862555
453293021
453500761
454525401
455237847
456321338
457164912
457441172
457917781
458442129
458860540
458954090
459765628
459772660
459955632
460490109
460962511
461553880
462349782
462626866
463038945
463812368
463836334
465128897
466009035
466024224
466421062
466715982
467415782
467555621
470927680
471288034
472525974
472734664
472913116
473316094
473506055
473509205
474513743
474823766
475898809
475922543
476675534
476925101
476944092
477149648
477488889
477982353
478298345
478327627
480795577
480983094
481600988
481830003
481847224
482629173
482773873
483252869
483646358
483838442
484838108
485318067
485352827
486489860
486787033
487190855
488838070
493304921
493616258
493663920
495498666
497291906
497671577
497749432
498056616
499560512
499728205
500608797
500820068
501151741
501446582
501470330
502307578
502626428
502906073
504059354
504164272
504889568
505668497
506877746
507111861
508220502
509301221
509788094
510208710
510340457
510602247
514924959
515156988
516140299
516587171
517674888
518508386
518662052
518760510
518918520
519969176
520143199
521280106
521769811
522179058
522735829
523059708
523176041
523381292
524625764
525447329
525817098
526100669
527030596
527261196
527298530
527543847
527622823
527692503
528063886
528807069
529023578
529054888
529852980
530665390
530800891
531041068
531399998
531506418
532049792
532237397
532470787
533061619
533186173
533419326
533796310
534213275
534393886
534623806
534945673
535273475
535541029
536227060
536837521
537000152
537018120
537058269
539520685
541103495
541279425
541904571
542067558
542079545
542524341
543105560
543948725
545001250
546298043
546453618
546757402
547583743
547953170
548120095
548283439
548500720
548515564
549328140
549556807
550365676
550425985
552022236
553106108
553669125
554348958
555113238
555156550
555233500
555518689
555840004
556937524
557805867
559330056
559721248
559837097
559869914
560130833
560301845
560926270
561213196
561662514
563869504
564893177
567002669
567064178
567590868
569433231
569833184
570294657
571154855
571634684
571648937
572269593
572299372
573023119
573026125
573398421
573919135
573990940
574058757
574474895
576452616
576685461
576855651
577188997
577772939
579156421
580074680
580170533
580250147
580649825
581432458
582718715
583015882
583335850
583700474
584308749
585258344
585555981
586521904
586663947
586757033
586879081
587020452
587671856
588009982
589555787
590264319
590316796
590332196
590895772
592901898
592959093
592976556
593724281
593802185
593905129
593937379
594492111
594569761
595282863
595625320
595993568
596584073
598690721
599005506
599158350
599306320
599373962
600368774
600684826
601019191
601500412
601567573
601968773
602461380
602678221
603157029
604051702
604343159
604841045
605032468
605121821
605872346
606004073
606226728
606252194
607296625
608517500
608710637
608892894
609638934
609693465
610052521
610059038
610916169
610942434
612325200
612525905
613571366
613655812
614004120
614110713
614720011
616124877
616268504
616632042
617268044
617634477
618174397
618817254
619566571
619635142
620025514
620565674
620953088
621102787
621211719
621387967
621971586
623086761
623693598
623854618
624779750
625232570
625417750
625541395
627176393
627382668
627605242
627738370
627815489
627851992
628985562
629320375
629347087
629851688
629913357
630015519
630226282
630688825
631483336
632291563
632409376
632637260
634013600
635026696
635283588
635685496
636948034
637465450
637812734
637901788
637960702
638709176
640542869
640665777
641004089
641239888
641878474
641913057
642029767
642257132
643860874
644039160
645431137
646063492
646154852
646279999
647261016
647376029
648432174
648767495
650313872
650655310
650942548
651348071
651535851
652588813
652912723
653018531
654031677
655656388
655719112
655873714
655905176
656481680
657539627
657776543
658410668
658487098
659412066
662172327
663246454
666081794
666444445
666862084
666883703
667120521
668563289
668767533
670052154
671332015
671382167
672014269
673140081
674129297
674369688
674768505
674938228
675647200
676845281
676867181
676990840
677204172
677299131
678113137
679159833
679227643
680173287
680481629
680607571
680800300
681268660
681932391
682332668
682346925
683907261
684443070
685021269
685074800
685524523
686237193
687007011
687405981
688173902
688935130
689068299
689410784
690002745
690823206
690874168
690898947
692555978
693126223
693899426
694132199
695178734
695769740
696148252
696772511
697237443
698470245
698536043
698841048
699234014
699335134
699402456
701821872
702135095
702427589
702666461
703166288
703548153
704539636
705141221
705354964
707106461
708430030
709427159
710684316
712099586
712779653
713093199
715528880
716458218
716935393
718128974
719152747
719229630
719250634
720237176
720538486
721398692
721440738
721736326
722961407
723154104
723405192
724315690
724403058
725648946
727526440
728096331
728576913
728598338
728881403
728887136
729355054
730481397
730737700
731040340
731649665
732051281
732147765
732314933
732534170
732586097
732714258
732719854
733401975
733833141
735292043
736044395
736991321
737411107
737423256
737531949
737657782
737712314
738068072
738178217
738889870
739578603
739835068
739867527
740155937
741191522
743094589
743789617
743952169
744381093
744860294
745211865
745523582
745939895
746064484
746457911
749544093
749795573
751038873
751188675
751592443
751675633
752546425
753355699
753581496
753834517
754253491
755204726
755280148
755408672
756408300
756865641
757849468
759242115
759807276
760588380
761624679
761836602
761922003
762491970
763553634
763685655
764154729
764438683
764948983
765379170
765709740
765930782
768956613
769457654
769654300
770874129
771490242
772038898
772403901
773260712
773441697
774473195
775368185
775659425
775871866
775879369
776591896
777034907
777306845
777353221
777394258
777744343
777759649
777848187
778970307
779011425
779257162
779572224
779666180
779902104
780217459
780697679
780915457
781525239
781808076
781905614
782669620
782892807
783563644
784694830
784927539
785311752
785743658
786823533
787275661
787810812
788207346
788348898
788459960
788552921
789482546
791103299
791111667
791114828
791585992
791593379
791609761
791828338
791939034
793558305
793646602
794804013
795364519
796585048
796627417
796829261
797415301
797847676
799627978
799830383
800544914
801317343
801659096
802808378
803065806
804080654
804373711
805180564
806270961
806358449
806517257
806566311
807681958
807883670
808645223
808730401
809991949
810308323
811057894
811537289
812498542
813171058
813483529
813525266
814907061
815469318
816343462
816426492
816781344
816873450
817379292
817774232
817894404
818578388
818871465
819153018
819264244
820569894
821080371
821084091
821294628
822194058
822262487
822370820
822686780
822889901
823687318
823792884
824351182
824945628
825347800
826305862
826464709
827131779
827200494
827380847
827747207
829379465
830051382
830149480
830428871
831133986
831304998
832391654
832689311
833316632
834357832
835618281
835763824
835806497
836479303
836688152
838119756
838236515
838252978
838611805
839181682
839690347
839787467
839825245
840010336
840575346
840583076
840754043
840801391
841847430
842401368
842532251
842857460
842975974
843442683
843510879
843934187
845632838
846539461
846600522
846779990
847740178
848486883
849673523
850617665
850825526
851274902
851590938
851623503
853211639
853583894
853829931
853859771
853928226
854168683
855188903
855758441
857663015
857918194
859463346
859822151
860505841
861005191
861335898
861620362
862355878
862662933
862700234
863777681
864476806
865112197
865296463
865677953
866562496
866807126
866854348
867437529
869086155
869441410
869858046
870656507
870723225
870913828
870978153
871436223
871495053
872208749
872213735
872269785
872387309
872821496
873053515
874512544
875043331
875391801
875934009
876115312
876420603
877436155
877582643
879004742
879591849
880115002
881418959
881653125
881677586
881915613
882036012
882456612
883831959
884281055
884288025
884698316
885490615
885667330
886928909
886981362
887917480
888605683
891208893
892344009
892536739
893246229
893277617
893338512
894032271
894088459
894176687
894179998
894214061
894573255
896783126
896823346
897055358
897088144
897757052
899063790
899389284
899696375
900633715
901123783
901123965
902294626
902333010
903375489
903905121
904443901
904460275
904936013
905141097
905419133
905457800
905777867
905796550
906607081
907087852
907092486
907207976
908967780
909013272
909577266
909615935
910112303
912497137
912560558
912566297
912856700
912857257
913432558
914204085
915435912
916030032
916759839
918727111
919237533
919282215
921894622
922174056
923472764
923508071
923939250
923970900
924088978
924997624
925518342
925563593
925611279
925723369
926111415
926276199
927616051
929674432
930122821
930509485
930891269
931183533
931379261
931643854
932242411
932493200
932873177
933534418
934079854
934332376
934588270
934605916
934843323
935533968
936562025
936874396
937643687
938882787
939099442
939331091
939531216
939994967
940690861
941260921
941354022
941486522
941741526
942357746
942647892
944679914
946161948
947869254
948136275
948538715
949575360
949641624
950008699
950256199
951517976
953039982
954223895
954235482
954343449
954796500
955479522
955698838
956340235
957064017
957708259
958494743
959395056
960759880
961209881
961365362
961446108
961551984
961823676
962449970
963039779
963247622
963355905
964238169
964307243
964474286
964491009
964682641
964769308
966186847
966607944
966820459
967009538
967264546
967460417
967513801
967551622
967657118
968266012
968272183
968318089
968387691
968919360
969466067
969959388
970354478
970436220
970587171
970945651
971772653
972046889
972583463
972863762
974088527
974853721
975923914
977049328
977768931
977783854
979049710
979348600
979796581
980074897
980457349
980575083
980834311
980888594
980924702
981133041
981236882
981456160
982802834
983049802
983793417
984604443
985609723
987597328
987922763
988090423
988326737
988639164
989154744
989294656
989976937
990446644
992188635
992255726
993482258
993555532
993889458
994067543
995618773
995677762
995742943
996373737
996528885
997930341
998141142
998706040
998925253
999155021
999160574
999355988
999451402
999628826
999939377
1000194281
1000842626
1000868149
1001641088
1001866315
1002459098
1003115329
1003861214
1003896420
1006206281
1006741982
1008368853
1008531839
1008949417
1010823216
1010864552
1011026529
1011201931
1011245962
1011455756
1011508728
1011822525
1011955257
1012524893
1013047951
1013541203
1013775623
1014923415
1015545919
1018687578
1018773412
1020130395
1020205391
1020318407
1020909242
1021346351
1023377220
1024099141
1024699979
1025187956
1025349699
1026259728
1026474689
1027018767
1028880962
1028883955
1029172713
1029441704
1030689758
1030726280
1032821835
1033578542
1034014525
1034163705
1035170213
1035261448
1035851020
1036652580
1037097372
1038683168
1038726354
1039465365
1039716801
1039845098
1040242616
1040665853
1041086872
1041327977
1043158552
1043659220
1043949382
1045252846
1045827434
1046203811
1046391787
1046635750
1047252298
1047465328
1048069466
1048488489
1048958256
1050137650
1050296671
1051223601
1051591204
1052311763
1052651571
1053396611
1053492413
1053885119
1055173515
1055679060
1056156227
1056607145
1057911155
1058214937
1058619979
1060718830
1061127400
1061166327
1061631545
1062020650
1062269835
1062660312
1062855887
1063302743
1064182526
1064754736
1064801548
1065022627
1065031574
1065238621
1065544787
1066947195
1067443958
1068029752
1068749584
1068883649
1069466489
1069834709
1070361301
1070487633
1070619194
1071727187
1072536301
1072697624
1073056243
1073590523
1074155238
1075247443
1075700196
1075741972
1075808984
1075975281
1076074832
1076464095
1076510454
1077517995
1077914385
1078040505
1078166005
1078279577
1078325982
1079353168
1080394151
1080421269
1081850056
1082170439
1082250672
1082916203
1083924342
1084411942
1084520260
1084815138
1088240922
1088423677
1088883379
1088888194
1089043575
1089283992
1089591098
1089881543
1090099560
1090722544
1091350747
1091630034
1091997357
1092154581
1092936953
1092961845
1093481481
1093503123
1094050714
1094245960
1094649423
1095590030
1096072889
1096102454
1096240464
1096262237
1096557109
1097045539
1097090349
1097275535
1097599834
1097880566
1099725478
1099797215
1099947441
1099984016
1100329450
1100590700
1100634152
1101092370
1101834565
1102111325
1102551107
1103292741
1103885436
1104116060
1105494959
1105973448
1106584543
1107083187
1107714844
1107881271
1108038882
1108755126
1109644660
1110009266
1110134753
1111744916
1112225400
1112233682
1112910880
1112977921
1114652766
1115544796
1115845595
1116149489
1116414492
1116956188
1117528380
1118083851
1118501466
1118529981
1119496526
1119565561
1119659958
1119858423
1120124843
1120275201
1120876881
1121575834
1122044898
1122746224
1123183321
1125547780
1125576069
1125946759
1126303520
1126353419
1126384311
1126859939
1127455922
1130002725
1130298417
1130659282
1131575271
1131601767
1131843109
1131908670
1132110047
1132580710
1132769860
1132818958
1133644661
1133801642
1134433858
1134843452
1134961702
1135216717
1135300346
1135643493
1136179683
1136313104
1136500329
1136755423
1137328183
1138837072
1139205010
1139404320
1140061100
1141102904
1141277825
1141358425
1141594840
1142107349
1142112544
1143361848
1143420996
1143516700
1144831223
1145514548
1146911652
1148004826
1148363983
1148371149
1148657058
1149672594
1150217093
1150841325
1150879478
1152466974
1152475629
1152964973
1153183147
1153308171
1153654392
1153994482
1154181700
1154503765
1154590132
1155141779
1155290686
1155697379
1155953543
1156788729
1156881062
1157274484
1157408891
1157562872
1157680383
1158081194
1158625158
1159113980
1159528117
1159548268
1160043549
1160518784
1164814830
1165117994
1165408243
1165423527
1166140446
1166788001
1168587699
1168903812
1168903933
1170432301
1170855375
1172740069
1172923777
1174352567
1174470601
1174526492
1174624438
1174748866
1174934945
1174964873
1175264438
1175508381
1176176801
1177378385
1177658180
1177843277
1177879049
1177909285
1178398913
1178411070
1178632448
1178676465
1178746661
1179078855
1179768388
1180258197
1181185188
1181512171
1181904955
1182286838
1182291315
1182394326
1182418018
1183542139
1184447047
1186070356
1186132849
1186205755
1186417352
1186449516
1186516119
1187027432
1188179059
1188265984
1188352060
1188500124
1188527240
1189513369
1190859761
1191992471
1192116491
1193427455
1193721797
1193770523
1193990350
1194201633
1194408640
1194452331
1194692427
1197039753
1198255022
1198419926
1198852493
1199396427
1199413273
1199835390
1200109294
1200131245
1200638189
1200801788
1201164603
1202072898
1202477444
1202863391
1203203580
1203234438
1204014992
1204096214
1204362500
1204855720
1204898588
1205209820
1206400548
1206689461
1207147215
1207248568
1207251423
1207779997
1207878230
1210104281
1210183894
1210378115
1210437321
1211533119
1211582400
1212253532
1212343090
1212745103
1213704072
1214129531
1214228309
1216454804
1216543061
1217101557
1217285565
1217341139
1217758454
1219079541
1219700813
1220012091
1220066742
1220136366
1220241630
1220421852
1220844203
1221104761
1221224751
1221399339
1221839665
1222122493
1222314395
1222359260
1223576866
1223720164
1224245647
1224616070
1224870537
1225201222
1225873872
1226105632
1226959760
1229186918
1229670561
1229939936
1230540821
1230707643
1230964178
1231628533
1231773708
1231903695
1232208462
1232343587
1232381989
1232507868
1233236663
1234122662
1235029456
1235283603
1235625782
1236489295
1237903568
1238005106
1239358496
1239589272
1240561808
1241248119
1241617674
1242891741
1243010795
1243013932
1243172503
1244203624
1244838048
1245587193
1246337067
1248094729
1248181705
1248252245
1248779925
1249596087
1249663693
1250151638
1250699952
1251507248
1251597861
1251815025
1253346607
1253640737
1253656862
1254073428
1254383302
1254955373
1255074521
1255188667
1255757602
1256612095
1256924367
1256961287
1257157224
1257706567
1257726856
1258995428
1259182047
1259458323
1260312575
1261012210
1261412693
1262634337
1264192189
1264642321
1265285263
1265592082
1266804307
1266874399
1267081149
1268636638
1268958922
1269214717
1269529690
1269592114
1269649068
1269915611
1271837175
1271996195
1272166208
1272342682
1272819419
1272914767
1273299724
1273555637
1273706182
1273722117
1274847684
1275068224
1277515714
1278564411
1278682733
1279174034
1284177728
1284651834
1284674698
1285571637
1285939434
1287526184
1287541572
1288336640
1288607425
1288699474
1289014176
1289320647
1290054954
1290184135
1291266937
1291433257
1292527038
1293335061
1293359508
1293704525
1294139855
1294191774
1294485749
1294896241
1295814880
1295932729
1296021782
1296235573
1296344138
1296354893
1296850922
1297079005
1297160966
1297371254
1297578359
1298002143
1298601483
1299104050
1301117801
1302341666
1303052403
1303211554
1303425211
1303507852
1304557575
1306125320
1306277852
1306542501
1306752821
1307330692
1307461495
1308032124
1308090408
1308606411
1309520374
1309846647
1310098673
1310271813
1311576917
1312877958
1313760035
1314319396
1314772377
1315457874
1315637256
1315781655
1316852464
1316866477
1316886788
1317129792
1318802378
1318806598
1318859528
1319555534
1319712237
1320435486
1320557090
1320734375
1321822770
1321843528
1322992398
1323054847
1324374843
1324574796
1324661174
1324850620
1324888109
1324915612
1325333967
1325765370
1326776786
1327021400
1327623368
1328547262
1328561856
1329027295
1329624958
1330091558
1330573234
1330613730
1331340794
1331354806
1332204946
1332439441
1333212579
1334465311
1334968446
1335324327
1335350544
1335367763
1335518208
1335813065
1336580056
1337186025
1337777266
1338727771
1338985768
1341771011
1342042450
1344139243
1344867752
1345210130
1346450807
1346913578
1347290936
1348826645
1349530001
1349946069
1350055077
1350279001
1350646333
1351080905
1351142766
1351200641
1352015326
1352410532
1353398463
1353637912
1354150104
1354278019
1354402671
1354704217
1355108519
1355236128
1358330357
1359614869
1359970419
1360587152
1361053866
1361682110
1362837795
1362904929
1363627512
1364795940
1364951532
1365413432
1365455434
1366770243
1366770343
1366840575
1367056481
1367584683
1367887333
1369116729
1369134322
1369364923
1369919564
1371389684
1371842494
1372640510
1372705862
1373651456
1374022738
1374711673
1375131729
1375502766
1377216223
1377720105
1378443850
1379036418
1379198791
1379309616
1379590276
1380389063
1380444539
1380626901
1380717109
1381399398
1381998996
1382751205
1383810891
1384770141
1386224747
1386617774
1387068187
1387218150
1387803208
1388266417
1388278587
1388589287
1388788866
1391508138
1391722433
1392971598
1393086894
1393463221
1396299222
1397042930
1397256462
1397982658
1398346707
1398634480
1398638594
1398783610
1398923622
1399229424
1399260537
1400451049
1400789074
1400949329
1404370510
1404458010
1405765485
1406047901
1406437626
1406901080
1407164581
1407776651
1407791490
1409042059
1409089062
1409313961
1409798279
1410044029
1410544293
1411586287
1411912906
1412033099
1412147914
1412545722
1413136746
1414379208
1415270799
1415358693
1415607595
1415986768
1416404859
1416511628
1416739560
1417110889
1417287261
1417460367
1418395265
1418763865
1419078224
1420486146
1420693191
1421526495
1423443277
1423490227
1423627982
1424365635
1424521913
1424574265
1424617385
1425079213
1425408561
1425649942
1425868449
1426046930
1426193840
1426260549
1426299685
1426573377
1427108865
1427220778
1427408507
1428571386
1429212167
1429411413
1429710904
1429986780
1430854877
1431672182
1431907415
1432353547
1433101225
1433597325
1434062973
1434432186
1434507956
1434746022
1436421980
1437939327
1437964667
1438204372
1439437359
1439714907
1439926610
1439960430
1440060938
1440513464
1441543784
1441699889
1442057204
1444256167
1444471822
1444993723
1445724643
1446192891
1447255113
1447260858
1448493483
1449135477
1449938796
1450537448
1450657726
1450983414
1451787808
1451847258
1451848243
1452270029
1452443778
1453340345
1453439379
1453564159
1454316574
1454327807
1454348221
1454385641
1454718213
1456815891
1457227720
1457483039
1458212037
1458337354
1459494387
1460246074
1460319979
1460429495
1460868170
1460938417
1461251819
1461269330
1461942546
1462039668
1463177382
1464351404
1464440404
1464951514
1465321141
1466040262
1466058239
1466107170
1466120732
1466331547
1466817677
1467209129
1467615934
1467651978
1469670347
1469934767
1469990736
1470292865
1470646568
1471489947
1472124168
1472546400
1472627667
1472655094
1472997415
1473452463
1474302477
1474729479
1477372014
1477488469
1477636823
1478807244
1481450158
1481566437
1482113179
1482150410
1482209542
1482382581
1482487837
1483389600
1483960479
1484284806
1484627758
1484910883
1484999716
1486708417
1486996371
1487720028
1488160735
1488244675
1489006274
1489034484
1490258139
1490755059
1490964425
1491612330
1492696141
1493635992
1493639543
1495124696
1495512234
1495643806
1496201233
1496423091
1496549496
1496768369
1497029038
1497319736
1497411269
1497778000
1498299675
1498810088
1499234722
1499598239
1500661090
1501305506
1501691735
1502515215
1502741753
1503430780
1504539869
1504666573
1505097896
1505292453
1507281673
1507798224
1508802083
1509772804
1510043933
1511693606
1512672680
1513085635
1513353468
1513615671
1514015424
1514416099
1514596077
1514703578
1515681256
1515846431
1516556423
1517011878
1517012993
1517185587
1517764086
1518890314
1519247687
1519457176
1519865323
1519872879
1520016544
1520332205
1520578469
1520810051
1520966299
1521037098
1523664911
1525721426
1525779035
1527411524
1527868045
1527934067
1528531209
1528938645
1529629489
1530500882
1530997543
1531008082
1531532865
1532196611
1532953684
1533081900
1533452548
1533888157
1534224371
1534654286
1536928478
1537486748
1537922844
1538622358
1538989666
1539121041
1539555489
1540066575
1540130499
1540237267
1540430272
1540513260
1540797846
1540864610
1540914541
1541161005
1541968587
1542400764
1542515033
1542706088
1543982402
1544332972
1545046341
1545050076
1545364913
1545934966
1547471332
1548463118
1549299800
1549636190
1549718320
1550054005
1550084004
1550815372
1550905799
1551007937
1551078369
1551176207
1551714882
1552134301
1552645826
1554963409
1556453358
1556936634
1558678390
1559162667
1559596107
1560067905
1560323779
1560417942
1563936565
1564191815
1565073352
1565351391
1566935959
1567136458
1567715259
1568328380
1568887127
1568928355
1570678605
1571390625
1571940155
1572226212
1572376663
1572789030
1573548589
1574148491
1577025701
1578470019
1578545355
1579075520
1579496933
1579777820
1579791460
1580783023
1581283813
1582636317
1586635917
1586742794
1587462797
1587552078
1587815513
1588418068
1588812786
1588940581
1589029152
1589057461
1589216576
1589907456
1590996967
1592622234
1593205293
1593941514
1595554322
1595968860
1598876893
1599164820
1600875777
1601303001
1601362746
1601792828
1603702281
1605711956
1606252854
1606474375
1608136794
1609235753
1609401791
1610842350
1611579189
1611705267
1611912448
1612816386
1612841795
1613738627
1614153816
1614191138
1614251859
1614587527
1615155393
1615199654
1615209765
1615328547
1618484180
1618677892
1619551380
1619786462
1620386965
1622276204
1622378042
1622578102
1622954588
1623054470
1623166001
1625442742
1626927038
1627166731
1627439815
1627749420
1628438469
1629010997
1629204104
1629369792
1631645778
1632237054
1632455595
1632490187
1632538340
1632978890
1633095179
1633657568
1634020031
1634241132
1635115384
1635475680
1635892972
1636330268
1637049438
1637449565
1637544982
1638090961
1638912026
1639603818
1639968560
1639994898
1640130754
1640922058
1640976285
1641132728
1641184489
1641307708
1641825546
1642068290
1642612910
1644480531
1644506366
1644544769
1645284696
1646578699
1647773153
1648660247
1649134472
1649255263
1649977697
1650198018
1650880257
1651846534
1652236724
1652241635
1652771898
1652788838
1652876496
1652912144
1653033546
1654360022
1654702291
1656610551
1656617137
1657011001
1657792159
1658004225
1658019699
1658326779
1658830159
1658851644
1659652587
1659843918
1661661032
1663099039
1663493660
1663615935
1663958600
1664089012
1664221956
1664288676
1665086930
1665811853
1667305322
1667450670
1667499777
1667703968
1667760226
1667847470
1668485240
1670064976
1671799618
1672072166
1672917310
1673845485
1674644899
1674911740
1676076708
1676154365
1676255864
1676327458
1676824028
1677094721
1677476719
1677756955
1678378317
1680148534
1680451027
1680871866
1680982356
1681601584
1681997333
1682324957
1682574452
1683297024
1683878830
1684562391
1685457714
1685659105
1687045080
1687458692
1687992166
1688276459
1689269285
1690073671
1690251515
1691243385
1691416144
1691591091
1691750016
1691756106
1692890758
1693109354
1693613566
1694639633
1695021677
1695478552
1695921800
1696019794
1696292491
1696909726
1696995978
1697160982
1697518081
1698909462
1698916011
1699245852
1699364925
1699581995
1699654682
1702000989
1702130763
1702839741
1702995379
1703412992
1703495992
1704775413
1706200100
1706265677
1706322462
1706483175
1706879989
1707309335
1708950981
1709787410
1709843957
1709973632
1711085986
1712473184
1713611230
1713833656
1714470253
1715190641
1715563148
1716552644
1716772782
1716992262
1717160500
1717413019
1719692632
1720699361
1720882069
1720952400
1721103844
1721586383
1721657118
1721694694
1722277971
1722624695
1723060674
1723681549
1724764276
1725026426
1726069411
1726235564
1726474444
1727401273
1727555728
1727756718
1728545989
1729166978
1729250475
1729453487
1729582721
1729716445
1730270018
1730473974
1731103600
1731625715
1732176852
1732990786
1732991870
1733598689
1733972142
1735363282
1736198727
1736509494
1736715163
1737737892
1738404038
1738512909
1738681986
1738831967
1739373234
1740031449
1740321105
1740519381
1740542113
1740983510
1741504026
1741516550
1741652143
1742894752
1743525739
1743546043
1743782688
1745194189
1745329572
1746298511
1746344720
1747874578
1748040171
1748523483
1749009045
1749205543
1749504505
1750579003
1751473202
1752844731
1752968357
1753025472
1754554399
1754631128
1754926638
1756280454
1756528303
1756646986
1756875878
1757179118
1757290146
1758159451
1758192306
1758284690
1758993639
1759973708
1760246726
1760312344
1761478326
1761701635
1762412294
1762984214
1763257837
1764100845
1764235028
1764347364
1765488006
1765594431
1766151247
1767617173
1769013725
1769676780
1769754898
1770053027
1770642654
1771096445
1771737211
1772331599
1774425212
1775328917
1776257557
1776299572
1776405699
1776445609
1776559058
1777188188
1780271324
1780938362
1781027941
1781238967
1781585200
1782571168
1782583294
1783847980
1783961486
1784387251
1785774322
1785806716
1786987718
1787453989
1787457089
1787650216
1787839765
1788131578
1788191570
1789450076
1789512374
1789553285
1789787208
1790158760
1790434041
1790918354
1791142461
1791415049
1791490964
1791577957
1792040148
1792190740
1793443020
1794378081
1794638650
1795220537
1798016943
1798047677
1799681338
1800585125
1800920941
1801855856
1801933062
1802339686
1803116744
1803306693
1803352905
1803378598
1803587428
1803998203
1804410004
1805101766
1805308441
1805516848
1805892824
1806323549
1806461084
1806812629
1807106222
1808140645
1808251955
1808423072
1808462594
1811352745
1811782072
1811782721
1811921350
1811921561
1812023793
1813123450
1813770308
1814005616
1814745939
1814887393
1814933161
1815750515
1817543494
1817629956
1817910130
1818218921
1819246457
1820054127
1820229029
1820266277
1821264425
1822841254
1823630195
1824163430
1824167061
1824270786
1824779825
1824860579
1825032985
1825596258
1825681699
1825948862
1826584534
1826632872
1826676802
1827037944
1827065131
1827216502
1829384171
1831421017
1831651168
1832133569
1832365960
1832658481
1833178143
1833265558
1834792985
1835316822
1836889918
1836916974
1837200661
1838104068
1838231978
1838433452
1838540826
1838615355
1839377843
1839514817
1839743875
1841034737
1841205213
1841454713
1842601383
1842899058
1842996917
1843345763
1843616318
1844499484
1844750803
1844817688
1844855515
1845360999
1845630993
1845673558
1846230822
1846953652
1847051637
1847262250
1847596109
1848381693
1848612091
1848852901
1848853750
1848998559
1850471530
1851053161
1852065381
1852684666
1853602064
1854333860
1854883848
1856544069
1857375018
1857630518
1857718883
1857719852
1858750236
1858796813
1858938207
1859332558
1859984637
1860620634
1861283126
1861875651
1862278828
1862684007
1862780160
1864539604
1864669334
1865085814
1865971426
1866366890
1867526930
1867846158
1868851850
1869095412
1870020523
1870348939
1871117399
1872483506
1872875061
1873272786
1873986716
1875037432
1875418504
1876277819
1876860745
1876949615
1876992454
1877024636
1877352236
1877518497
1877691236
1877942702
1878401758
1879141496
1879618676
1880571960
1880783704
1880909108
1881521621
1882029110
1882551264
1884162375
1884294900
1884672887
1884979843
1885205826
1886019808
1886645538
1886865332
1887308453
1887399784
1887485823
1887670782
1888364354
1888366710
1889171014
1890440670
1890540637
1891654149
1892022555
1892909822
1893235517
1893287696
1893388259
1893656205
1894390451
1895260373
1895554960
1895700599
1896267739
1896368551
1896387492
1897049120
1897448851
1897502110
1898176566
1899467364
1900288178
1900336970
1900343321
1900404082
1901621808
1902050657
1902652581
1903088718
1903137253
1903251737
1903722176
1904031168
1904354788
1905043776
1906195604
1906432749
1906710956
1906837912
1907217349
1907671014
1908045075
1908284901
1908822068
1909026022
1910323306
1911499092
1911906280
1912688794
1912787264
1913607572
1913672956
1913732195
1914130801
1914298142
1914654778
1914680842
1914850646
1915151419
1915249847
1915895433
1916721177
1917766987
1918415745
1918645729
1918679920
1919349380
1919559015
1922739004
1923663715
1923954221
1924015764
1924365030
1924568651
1925200754
1925858835
1925988635
1925993061
1926841512
1926860120
1927118753
1929155087
1929286187
1929461994
1929904481
1930493564
1930628826
1932175109
1932487798
1932993135
1933132659
1934039017
1935251054
1935604287
1936897495
1937144934
1938589917
1938710456
1939016707
1939209427
1939597069
1940154415
1940302208
1940693229
1942120425
1942957546
1943065800
1943299982
1943705479
1944046277
1944349945
1944384000
1944892812
1945348170
1946136773
1946229852
1946279706
1946729539
1947048286
1947085370
1947650948
1948464479
1948793358
1948816334
1949070342
1949186113
1949478699
1950301558
1951715192
1952160742
1952217735
1952414599
1952458019
1952661750
1953187480
1953585397
1953644645
1954429746
1955292326
1955569631
1955613158
1955906542
1956398949
1957063181
1957160165
1957596489
1958769428
1959547166
1959719419
1960271517
1960524160
1960550915
1960609885
1960809925
1961183882
1961359185
1962027177
1962230203
1962422136
1962728818
1963206772
1963821854
1964198283
1964432878
1964645129
1964753288
1965407357
1966095688
1966568572
1966861811
1967232930
1967548420
1967639567
1968295811
1968824027
1969155082
1969579673
1969715768
1970469158
1970671175
1971556657
1972256829
1972991635
1973202215
1976211921
1976734133
1977518900
1978705092
1981040214
1981591829
1981756743
1982093292
1982251072
1982294895
1982518356
1983120216
1983552074
1983563060
1983792921
1983836741
1983883230
1984404055
1985943781
1987020083
1988026286
1988582652
1989358322
1989533794
1989908049
1990303069
1991268156
1992851929
1994094238
1994303507
1994699733
1995142211
1998718116
1999379458
1999510228
1999698242
2000021645
2002377172
2002776313
2003329365
2003885098
2004421176
2005094334
2005635408
2005738045
2006519740
2007387838
2007818737
2007933925
2008220429
2008821341
2009269115
2009759215
2009830526
2009891350
2010632211
2010937181
2011303138
2011758660
2011851857
2012457050
2012885062
2013656974
2013860929
2014083322
2015157496
2015997630
2016108800
2016358457
2016761503
2017220339
2017220460
2017933970
2018080465
2018515722
2018888807
2019493594
2019977300
2020198452
2020397445
2020606676
2020957567
2020959698
2021230707
2022153760
2022567360
2023758400
2023825633
2024712013
2024809313
2026000031
2026523687
2027648750
2028370518
2028888746
2028976080
2029051110
2030051690
2030651964
2031132709
2032243850
2032285431
2032927178
2033396499
2033872664
2034735475
2034764952
2035593099
2036220393
2036281407
2038162026
2038507318
2038684816
2039186045
2040146447
2040509106
2041950699
2042088371
2042371430
2042656585
2042950771
2043751026
2044348114
2044558365
2044595391
2045111984
2045496385
2046050906
2046417733
2046445298
2047298741
2047522190
2048099823
2048218164
2048282778
2048290675
2048339924
2048708114
2049232996
2049312741
2050520620
2051015487
2051232342
2051595215
2051782997
2051896094
2052417734
2053788293
2054146834
2054454752
2054802534
2055003722
2055119743
2055781806
2056085326
2056341923
2056595096
2056801458
2056980175
2057311928
2057557239
2058678547
2060077841
2060465852
2060954662
2061379066
2061473804
2062105478
2062364620
2063127718
2064062750
2064129028
2064523475
2065322184
2066149176
2066313146
2066603302
2066659169
2068742921
2069821911
2070469562
2070682941
2071126066
2071263231
2071666503
2072014280
2072325526
2072393933
2072656163
2072801331
2073230214
2074198918
2074500218
2075283873
2075825183
2076741139
2076795474
2077668323
2078385637
2078921320
2079673038
2079967449
2080324821
2080341829
2080573064
2080594039
2080817349
2081712767
2082330197
2083423815
2083862885
2084314336
2084973451
2085812955
2086187712
2086310121
2086587140
2087802484
2088913313
2089372938
2090187348
2091807284
2091886424
2092150161
2092563296
2094513224
2095577512
2097060728
2097102843
2097895529
2098363230
2099388500
2099667540
2099991496
2100355447
2100425166
2100783555
2101013168
2101106784
2101374737
2101455559
2102723934
2103511959
2104057858
2104526486
2105301060
2106201895
2106570685
2107008100
2107484086
2107546282
2107634479
2108304151
2108663022
2108893747
2109638654
2112367583
2112596901
2112613913
2112944856
2113083241
2114463475
2114584292
2114952478
2115726030
2115757695
2116093875
2116665580
2116677120
2117222653
2118414358
2119122673
2119492337
2120313225
2120873046
2121851782
2124149723
2124431189
2125080824
2125930394
2125948453
2127132151
2128666239
2128919589
2129249361
2131252822
2131780355
2132181164
2132496558
2133797539
2134555388
2134835600
2134851356
2135435324
2136055719
2136271813
2136961299
2137700245
2137848284
2138249747
2138351638
2138586955
2138592074
2139074309
2139430104
2139562961
2139579870
2139642313
2139678944
2140324098
2140495694
2140535979
2140881185
2141001288
2141531140
2142300782
2142871521
2144366558
2144442761
2145021290
2145617485
2145704572
2145906819
2146054451
2146940140
