131005
208916
687001
1288121
2810811
2874565
2996123
3389258
3836146
4020785
4064243
4160556
4517912
4529828
4924057
5552309
6305621
6504212
6524567
6719342
6722785
6926357
7203204
7207480
7623634
8831023
8956089
9235779
9275202
9503322
9913307
10013088
10040362
10106094
10297231
10416402
10763041
10911465
11111378
11516531
11679056
11829797
12138490
12341199
12377938
12541480
13153226
13209501
13211952
13498816
14043775
14889668
15306190
15618063
15897011
16087388
16319422
16452800
16835183
16999597
17432261
17462162
17823801
17947962
17959071
18400455
18429294
18529878
19536958
19831005
19934682
19939157
20009277
20102312
20664425
20721692
20803840
20822771
20929519
21203083
21227644
21519467
21565651
21893619
22173956
22479093
23296505
23582325
23703287
23860685
24068263
24406748
24564462
25006784
25177872
25339582
25623211
25867477
26450967
26956594
27287455
27472027
28082056
28819578
28991388
29192160
29321789
29361684
29515483
29536747
29592841
29615070
29631259
30975927
31409352
31688510
31773532
32714788
32762529
33185393
33473405
33477117
34200823
34255211
34605354
34716847
34727774
34765540
34800437
34843956
35035379
35070925
35081387
35170925
35337417
35848244
36101089
36307870
36576113
36763464
36958479
37783391
37807052
37916167
39135666
39285296
39449962
39530163
39584342
39883183
41037799
41228885
41379826
41386082
41546328
41696782
41802373
41971231
42214702
42308141
42542928
42885420
42894554
43857273
44058336
44191934
44485156
44946306
44985488
45126504
45203992
45300041
45335324
45352145
45536915
45553788
45884818
45967465
46296298
46582865
46687731
46734867
46774320
47909841
48187985
48594060
49124295
49701374
50396415
50821753
51012973
51108055
51261853
51474263
51713918
51808862
51894590
52533640
52647733
53057713
53230159
53361627
53926556
53951764
54031647
54188184
54324647
54349118
54658358
55293761
55466150
55741932
56141258
56211223
56295146
56731143
57046966
57223106
57355742
57389324
57458054
57786420
57897191
57944285
57970841
58338083
58366511
58518619
58674554
58683599
58868212
59424209
60293525
60698135
60711693
60742119
60785759
61330267
61341162
61743531
62210569
62612138
62661846
63101729
63137973
63154642
63196071
63562542
63821789
64943379
65325746
66026794
66486542
66523347
66527492
66582171
66587871
66789758
66831050
67612213
67771457
67965630
68039392
68144400
68223670
68394622
68687396
69052183
69264593
69334585
69424814
69705305
69838552
69854048
69871427
70146365
70276104
70510084
70822088
70901030
71062101
71279347
71570741
72153565
72305812
72967179
73693359
74275625
74309060
74794864
75045573
75151139
75466849
75732821
75765365
76606924
76754042
77235129
78484222
78525881
78529467
78819467
79438800
80017405
80075196
80115130
80354225
80611668
81134495
81444705
81561091
81752875
81871132
82091613
82550619
82713413
82890532
82936475
83073820
83220828
83773368
83947354
84099904
84242324
84298849
84700371
84793097
84978713
85356366
85598954
85660961
86187874
86320399
86550330
86796272
87107689
87578622
87973737
88322809
88540847
89685084
90406324
90435890
90512369
90582621
90609922
90721411
90893674
90903267
91867451
91868534
91949339
92038371
92119220
92248441
92310342
92372824
92390028
92813177
93047054
93152834
93290197
93625310
93785503
93820073
94153146
94335948
95223661
95484223
96101731
96179895
96989356
97021621
97180350
97283249
97338927
97852565
98182529
98334076
98539301
98868785
99927713
100278810
100364658
100726601
100910580
101530616
101604220
101705890
101747699
102424826
103135212
103254763
103271752
103463232
103713878
103868611
104373903
104421923
104477829
104549733
104646712
104812908
105249848
105743268
105920590
105967479
106035332
107047821
107057845
107061267
107135922
107379520
107401919
107556851
107602235
107995628
108101080
108461436
108662033
108759018
108860560
109055299
109588608
109656566
110291512
110303047
111162959
111651286
112005635
112253428
112318686
112365290
112506397
112569451
112613576
112693501
113036771
113106213
113185799
113770355
113865199
113933296
113967270
114061475
114343907
114396991
114586957
114690225
114744778
114770217
115356822
116113736
116136750
116388334
116620255
116920817
116976574
117439243
117523575
117610408
117619524
117901434
118012908
118136922
118534519
118667021
118959264
119522270
119641749
120886561
121175074
121464330
121897712
122347803
122716170
122755200
122826363
122882565
124012126
124012324
124175733
124401059
124896697
124899189
124982825
125620927
125675301
126369025
126788776
126908582
126949331
127120189
127296751
127573957
128613095
129365288
129655672
129868854
130579202
130759074
130979803
131274779
131370751
132009524
132334335
132414386
132458285
133059035
133109510
133531582
133570817
133774172
133860408
135356480
135596163
135922541
136794291
136996858
137152471
137207817
137289323
137524571
138207623
138297135
138327733
139106710
139334128
139581818
139736304
139809049
140332036
140535203
140845339
140893185
140896822
141416191
141959837
142140847
142509204
142597916
142895134
143107880
144026149
144264561
144313225
144397791
144478686
144479962
144485542
145111321
145782914
145982972
146213462
146244080
146349727
147278342
147875618
148079713
148086365
148224691
148394480
148503594
148620291
149332830
149402987
149407213
149600507
149711644
149878132
149890717
149917108
150685128
150746399
150985834
151051768
151062858
151164778
151369360
152745857
152767061
153015958
153367941
153547641
153636707
153779867
154028898
154469818
155047136
155355868
155734283
155743030
155751693
156396306
156497772
156518109
156623576
156894041
157009954
157214561
157510455
157745862
158231101
159377613
159464986
159468716
159667153
160212482
160345950
160654981
161458410
161581242
161769669
162168174
162625889
162784647
162939300
163258964
163704428
163768752
164047710
164141451
164752666
165661294
165661793
166182567
166339997
166428435
166916829
166959056
167132909
167179548
167550681
167667269
167958294
167986248
168235356
168369632
168472732
168818344
169200580
169501010
169505761
169543880
169580179
169989697
170002172
170619993
170765586
170848924
171621823
171632538
171637080
171787353
171835957
173033100
173188464
173342445
173347652
173484729
174466955
174564063
174631461
175429062
175691482
176002769
176306515
176744089
177185814
177197207
177276629
177307669
177385618
177673351
177759947
178097654
178297913
178414500
178497569
178575467
179136142
179246696
179388187
179457446
179653260
180873158
181142455
181208548
181328455
181348210
181407038
181550262
181592556
181621362
181705855
181887515
181944306
182014044
182667470
182886652
184045264
184234849
184301548
184385445
184565140
184680906
184735211
185732498
185942970
186102782
186540436
186992998
187000847
187110050
187116222
187189752
187511691
188006124
188044089
188062169
188183755
188200337
188337417
188647295
189069273
189073340
189342849
189358294
189438070
190368894
190438880
190520071
190805516
190993162
191012563
191123572
191285565
191924642
193265448
193371525
193815491
194007653
194092933
194160065
194163107
194269185
194318602
194643890
194973433
195147404
195327551
195505429
195593496
195964462
196084929
196825932
197396445
197592722
197693700
198008752
198068631
198396806
199131340
199252562
199278838
200276878
200969754
200980535
201137182
201336481
201367047
202169309
202239911
202281222
202383571
202413867
202790591
202982288
203084171
203088591
203171177
203235648
203715692
204075872
204099672
204318369
204506173
204509929
204746160
205468185
206025446
206480069
206804389
206851025
207189461
207391275
207796437
207867695
207948235
208001229
208116997
208122102
208269917
208307392
208680594
209271307
209713443
210373787
211461416
211774631
211863526
211899542
212109538
212112838
212266581
212344593
212394883
212596796
212741402
213529291
213747943
213969565
213998050
214034568
214149858
214254310
214314072
214367825
215123276
215518971
216049427
216090365
217147650
217284931
217312099
218048236
218438980
218572202
218632780
218664699
218755176
218820863
218896051
218958740
219136520
219743876
220261217
220427578
220509630
220520567
220981957
221908616
222260046
222717587
222950284
222979892
223041340
223590374
223898241
224048241
224458796
224965969
225151890
225547387
225678876
226077963
226199436
226273561
226393388
226689871
226902371
227040270
227251658
227326535
227349008
227848320
228152694
228373462
228553123
228622236
228677385
228801072
229141225
229309102
230273229
230408291
230850389
231025106
231081369
231460875
231839766
232277819
232475852
232675298
233095509
233325990
233356274
233358532
233786368
233841681
233963642
234055226
234061564
234601613
234883736
235123659
235375927
235506133
235518784
235533751
235555994
236042813
236575918
236691710
236858196
237476328
237732253
238052810
238442815
238722445
238995315
239557625
239885610
240049606
240853191
241620639
242123273
242224832
242971117
243517673
244127491
244323413
245439127
245502279
246229524
246260011
246562190
246940023
247883589
248213953
248245910
248323912
248623042
248636980
249094167
249287999
249368161
249395763
249563814
249787700
249896248
250266324
250428177
250824571
251228853
251558154
251672068
251727741
251822020
251928145
252467978
252660902
252774425
252803085
254468824
254749524
254853586
255456680
256009424
256023721
256428817
256795257
257091164
257330979
257462143
257935842
258436696
258547804
258826341
258836036
258839658
258877128
258962986
259151219
259884345
260557627
260754711
261006452
261017505
261500693
261543928
262095614
262141289
262281096
262475892
262685279
262726083
262957411
262989061
263011166
263092280
263501001
263831607
263867963
263993885
264188304
264422818
264557498
264584259
264607034
264641058
265150973
265815399
265911552
266361321
266490402
266575782
266755404
266902263
267028897
267287261
267989573
268109671
268624787
268684172
269122163
270280165
270292310
270520927
270602866
270755190
271404603
271774245
271831751
271849531
272084107
272531207
272758900
273404642
273428914
273565027
273862057
274021770
274037854
274594880
275255558
275512751
275536875
275573844
275807145
275820305
276107749
276213749
276386179
277061530
277240906
277359629
277926851
277953522
278101585
278593371
278964398
279058022
279190321
279270991
279402277
279422456
279569695
279669309
279771114
280202924
280557803
281200623
281595511
281647843
281683213
281686511
281783282
282224877
282264359
282906748
283051934
283437188
283593837
283734640
284146292
284462707
284539766
284647474
284687540
285057277
285328968
285407719
285463556
286261662
286673192
286927559
287201139
288140333
289467708
289524442
289546315
289589398
289620949
290184567
290567167
290958943
291449814
291481182
291586421
292531689
292866550
293107346
293230096
293397244
293730985
294378138
294576014
294901748
295016408
295025950
295258695
295454434
295632310
295655818
295687990
295778113
296117343
296161932
296244090
296550805
296933313
297060586
297157221
297320624
297592848
297839648
298102371
298142423
298858012
298948754
299248591
299820992
300142360
300667402
301978525
302283398
302342747
302417089
302775711
303064388
303328742
303446524
303499973
304190126
304269093
304548226
305209904
305688243
306556446
306594002
306753176
306803434
306867749
307396839
309179550
309322126
309530645
309578450
310288200
310651795
310751399
310783981
311150128
311173693
311527254
311553885
311728941
311780253
312306715
312468114
312727289
313284235
313412213
313465630
313915541
314177034
314549379
314555171
314732452
315399907
315564324
315797900
316067938
316213635
316229132
316275845
316350467
316833665
318326261
318444918
318913084
318965416
318999929
320250725
320674767
320721893
321234502
321300860
321707622
321904231
322633618
322634891
322647864
323245472
323716768
324082395
324250525
324319847
324691112
324736638
324960431
325257828
326113140
326321246
326336928
326503878
326958070
327613143
327639004
328254750
328515864
328523044
328697173
328933038
329184659
329662059
329664889
329945076
330011443
330302752
330328166
331374895
331691851
331945786
332773177
332995677
333068308
333865312
333887636
334251080
334434775
334544710
334736315
335116188
335443970
335897193
335911244
336489378
336919669
336923612
337378141
337782033
337786306
337825221
338059995
338061309
338063439
338191195
339062328
339362335
339447662
339489995
340018771
340123224
340533849
341135904
341213856
341345069
341801023
341883414
341889715
341901818
342286338
342321324
342390078
342542354
342843532
343407997
343500530
343645778
344217098
344876134
344973539
345214253
345310819
345432913
345534488
345626149
346269076
346862720
347165439
347202422
347490790
347519878
347633150
347763939
348338763
348367455
348552096
348737271
348858522
349238824
349247203
349334458
349540867
349975025
350050918
350084734
350478923
350922852
351254498
351424579
351575563
351595130
351611368
351706082
352336071
352543646
352568426
352908455
352994056
353829573
354367349
354806724
354880266
354920632
355033713
355202893
355209437
355286527
355620185
355664947
355686493
355710683
355752986
355776611
355919242
355929842
356091480
356484992
356627466
356954374
356988164
357711624
358208395
358458394
358723248
358740543
359059306
359284592
359877821
360053056
360273817
360320449
360650798
361134358
361190651
361262178
361865831
362152285
362628165
363065647
363629529
363842661
363873154
364072706
364270659
364732273
365179785
365299999
365826976
365857019
366754005
367057457
367143048
367149278
367694904
367798574
368185673
368793205
368850434
369096207
369254210
369959724
370118973
370200100
370594453
371012831
371134151
371221532
371369772
371700359
371747449
371772481
372776903
373341501
373938869
374104759
374569912
374718274
374830049
374844142
374939217
375003847
375057906
375178771
375201663
375472146
375487460
376058392
376123642
376386639
376748675
376971948
376978258
377021359
377448333
377663870
377852194
378147889
378195466
378384851
378413077
378779407
378958935
379323909
379433319
379532379
379825119
379926633
380029085
380432394
380626977
380712474
380785321
381731884
381733087
381839150
382132086
383126632
383364581
384328259
384560308
384561598
385014651
385305093
385573177
385576108
385816824
385855968
385956561
386163957
386348584
386779157
387326055
387413910
387443812
387528698
388201387
388894127
389023019
389176425
389451338
389479364
389500225
390441484
390466032
390470292
390499627
390514882
390982282
391137256
391165847
391519051
391674570
391749844
392092542
392380044
392391138
392525448
392525557
392757316
392770957
392786971
393081514
393429379
394069947
394263841
394526379
394587829
394728482
394936900
395176127
395341505
395923449
396220426
396388998
396530275
396771653
396795296
397653265
397798563
398149971
398238792
398270793
399393173
399510390
399582661
399719016
399867121
400360169
400508225
400736061
400740339
400753306
400784180
400811496
400845788
401301584
401350661
401351608
401692721
401776463
401844810
401878505
402033885
402143580
402216162
402232971
402365864
402865212
403402901
403457875
403633050
403710494
403754422
404325241
404651326
405000970
405120859
405129944
405313181
405382177
405558795
405625269
405983031
406224635
406361861
406529092
406690146
406782725
407125218
407810832
408354405
409049992
409103669
409114613
409254032
410047464
410561350
410570110
411121786
411778119
411836756
411919892
412356509
412468623
412813115
412918363
413035817
414138896
414277736
414333930
414410818
415048860
415105832
415264889
415460340
415469720
415494282
416442391
416990179
417358071
418018987
418235840
418989343
419562629
419924773
420332176
420429348
420688225
420761739
421468022
421792533
421974191
422994070
423740096
423746512
423788046
424191716
424660888
424780059
424915890
424982733
425094802
425413719
425829757
425863662
426835422
427852947
427936990
428093992
428253071
428332096
428900349
429085624
429144287
429492906
429700062
429910951
429967725
429984070
430169628
430609331
430660234
430751000
430862990
430897044
431073930
431409747
431493010
431570775
431882730
432255410
432436269
432470315
432483943
432914502
433083089
433815964
434105147
434125561
434140382
434635217
434750077
435738045
435745330
435771375
435824678
435969650
436076346
436218061
436531472
436948664
437063057
437548078
437880504
438182931
438220420
438228358
438529959
438581897
438674072
440252932
440367562
440400341
440436916
440642893
440890671
441009887
441091994
441143195
441338156
441366565
441456838
441957989
442404197
442491968
442857304
443026797
443084020
443357028
443364861
443367788
443427645
443782570
444078607
444151882
444542408
445174441
445337017
445511611
445844075
445939361
446110750
446150342
446374903
446684442
446942746
447287327
447422633
447433832
447436679
447758896
447809044
447851680
448628877
448772133
448989083
449569870
449581796
449860669
450089558
450103654
450462153
450622575
450982943
451012339
451390101
451525881
451965126
452613506
452702184
452766467
452797968
452860351
452868340
453352007
453355322
453946929
454356261
454382605
454498950
454652910
454684007
454852406
454899678
454983221
455285349
455387133
455555305
455605190
456221096
456599198
456932229
457171770
457388181
458418860
458453766
459070553
459334902
459594954
459768269
460442875
461062576
461736020
461903825
462039209
462493040
462659889
462896228
463213226
463283754
463499916
463867164
463932176
464259052
464600597
464676284
464887753
465503228
465644288
465810751
465845473
465900017
466009239
466011536
466031442
466223525
466476643
466718922
467237764
467315081
467343003
467683964
468716832
468762176
469473591
469950890
470065474
470332079
470347960
471415544
471456191
471601183
471762720
471817894
472014218
472095420
472119567
472194844
472468559
472621644
472771923
472904254
473439972
473520921
473591821
474030389
474674123
474930072
475187038
475281181
475423238
475521856
475678621
476068059
476418206
476714323
477053186
477335174
477537967
478239730
478376795
478525193
479113688
479387761
479650093
479894547
479945979
479992220
480297526
480629005
480720760
480837878
480973697
481037086
481568621
481931167
482742389
482953446
483108069
483563546
483765204
483837762
483880493
484017014
484128216
484415696
484815621
484919916
485011271
486302710
486383243
486505602
486525621
486575186
487226559
487583435
488015072
488145775
488525326
488601323
488829021
488946254
488977483
489101281
489241583
489517112
489586991
490138221
490257678
490332964
490484876
491874038
491940415
491967801
492184559
492530708
492549580
492748864
492907925
492929374
493102408
493632689
493654178
493656587
494032701
494077275
494088833
494243407
494383494
494619436
494726612
494797923
494803674
494819360
494892215
495101189
495155232
495298718
495844051
495852827
496288973
496315943
497763722
498046816
498123399
498137736
498630119
499751610
500468408
500487041
500624898
500832574
500997963
501080270
501168755
501687020
501786336
501808347
502135390
502223397
502491666
503293257
503385940
503555213
503641917
504168541
504216055
504497592
504634008
505506994
505554611
505569309
505624404
505739332
505741876
505937969
506389415
506831670
507279578
507455557
507492020
508057878
508592901
509044617
509154287
509516801
510108212
510529773
510757057
510791810
510980772
511473808
512427887
513586466
513958520
514062709
514072913
514106262
514525398
514856563
514937093
514960712
515128161
515237083
515601781
515786297
516021769
516109288
516327745
516389075
516575898
516582283
516811621
517424350
517484935
517519604
517855924
518179937
518281552
518600132
519372260
519415383
519661535
520393890
520398247
520907638
520975697
521081247
521524432
521878381
521989109
521999219
522009062
522087633
522304397
522546750
523149531
523220556
523325072
523520100
523948736
524206588
524340071
524455933
524474258
524683567
525312235
525520198
526012987
526209932
526342424
526490181
526943686
527014320
527056897
527426698
527547593
527698774
527741680
528144199
528387265
529111943
529676393
529866820
530298105
530424576
530870913
530893043
531181006
531474692
531495501
531676345
531981906
532166586
532919517
533152461
533369412
533517984
533609563
533765353
533966268
534261825
534465255
534566864
534653822
534668997
534785687
534934148
535298910
535343846
535574950
535630583
535965251
536506600
536582343
536993906
537044511
537211846
537214620
537218287
537520066
537817785
538156339
538544858
538801589
538832961
539861192
540544274
540578484
540925581
540929405
541266190
541365762
541980004
542360739
542376999
543347706
543444501
543472117
543620230
543741878
543886830
544288051
544810711
545052789
545095750
545398427
545588426
545874746
545887902
546172677
546427402
546562335
546627157
546703597
547068734
547576373
547609432
547642503
547897454
548048574
548797068
548835800
548858789
549205389
549444098
549673407
550133085
550142571
551102016
551230076
551464889
552607122
552754478
552770937
552934709
553074515
553570403
553611791
553616569
554194881
554381188
554501958
555187405
555296504
555493990
555509194
555588903
556166097
556544296
556625210
556735080
557028668
557551811
558161218
558575197
558635451
558783283
558854064
558989645
559259905
559468612
559567751
559720499
559865727
559916165
559943099
560083356
560176957
560482491
560775077
560877802
560910077
561430347
561521226
561856241
561973391
562121921
562306129
562340187
562354807
562600997
563194202
563377664
564087928
564107932
564119056
564199490
565012450
565557189
566086431
566918618
566972149
567346725
567411049
567442175
568125365
568233518
568233655
568278841
568326834
568419814
568910999
569155082
569168260
569246125
569588346
570183542
570253523
570565159
571265056
571700506
572099725
572759572
573555726
573726556
574415445
574450103
574466100
574575071
575479642
575701307
575720394
575820599
576372667
576574385
576791572
576809106
577149138
577725176
578045765
578189292
578236861
578471963
578514417
579231514
579510083
579621931
579676229
579750168
580012406
580047935
580133416
580228333
580245294
580448802
580525436
580557384
580781190
580817827
580906642
581046632
581134136
581146775
581307580
581942997
582111908
582250299
582410531
583149636
583315692
583544796
583610122
584072805
584559772
584561173
584813417
584874445
585935732
585945738
586044503
586384694
586800903
587440003
587797537
587839106
588502441
588530687
589171832
589205160
589343246
589910354
590198733
590617382
590801913
591560572
591563039
591873750
592293298
592680042
592771684
593064392
594188588
594225962
594692800
594821824
594853819
594854029
595836383
596494607
596611162
596918761
597234709
597558690
597561729
597916275
598624139
598636534
598896067
598936950
599105232
599497536
600024919
600071845
600248721
600540264
600711026
600724490
600845860
601022699
601240285
601251023
601752876
602075057
602231927
602318274
602355300
602356938
602596146
602650343
602845490
602947832
603241909
603723520
604212355
604740622
605189986
605234901
605456522
605475063
605486318
605520515
605772434
606060094
606322928
606754515
607558739
607712523
607773799
608248732
608762187
609041743
609253352
609635516
610389852
610535663
610616480
610694819
610735739
610829781
611046922
611351689
611449034
611677149
611717800
611983580
612013431
612045915
612466488
612679524
612968039
613073669
613098501
613466083
613482493
614184464
614526815
614527516
614923241
615219843
615320795
615343856
615368214
615834921
615842895
616077299
616135799
616157333
616246202
616370665
616795351
616824906
616859752
617129857
617208533
617327168
617662253
617958235
618184626
618980157
619693889
619842306
620033490
620174700
620368806
620382901
620592823
620880726
620989729
621022187
621342676
621385273
621527274
622018316
622656256
622882890
623333972
623703720
624043027
624088922
624347364
624409237
624640703
625134431
625683159
625957097
625971039
625975911
626662641
627046484
628135118
628177954
628360260
628583116
628721110
629390383
630081166
630194598
630380497
630754987
630980748
631395064
631972921
632009492
632255876
632324037
632942588
633207899
634056035
634106358
634151191
634169761
634407018
634525560
635224943
635277064
635563464
635583064
635850108
636049992
636128907
636204805
636440235
636639635
637611961
637809112
637833850
638105332
638336694
638515836
638834153
639249660
639310910
639408874
639664918
639838704
639874279
639957382
640499700
640665947
641077579
641405405
641438570
641446006
641469464
641519787
642166515
642228021
642876024
642994710
643055596
643265808
643560237
643804029
643845585
644444245
644453935
644664552
645509672
646414753
646608124
646979560
646980691
647080267
647360190
647604495
648293130
648510504
648538037
648622860
648884610
648950014
648950822
649169079
649357192
649414097
649464808
649561093
649672264
649757435
649815708
650108609
650213224
650460135
650469619
650670575
650704544
651206081
651319978
651661743
651867144
651902179
651950842
651973703
652150855
652191690
652234133
652684728
653453759
653836294
653858251
654256007
654452508
654966406
655338929
655712553
656026262
656519620
656581999
656673939
656743375
657786588
657841364
657986606
658131460
658353653
658403596
658649921
659138619
659208284
659609531
659665694
660029409
660393794
660611222
660612755
660866507
661612788
661785088
661791688
661810702
662465284
663396481
663649392
663932011
664303564
664539087
664863934
664958099
665335783
666138604
666435692
666799349
666838543
666938148
666966872
667056567
667170796
667319678
667336606
667489158
667525870
667601816
668155942
668608266
668991961
669012058
669140471
669161682
669244406
669355504
669997293
670277548
670389048
670747925
670846519
670878011
671099026
671124622
671204136
671741475
672159089
672528633
672772414
673459760
673590325
673805931
674497740
674572656
674661671
674807000
674962418
675512684
675575901
675630822
675788717
675835673
675933492
676113709
676387154
676415442
676443939
676466224
676602055
676759037
677292990
677761631
677808614
677997908
678528358
678633122
679086314
679446443
679838668
679840877
679874825
680028333
680152951
680329513
680614099
680683069
680750883
680827202
680957021
681167793
681238340
681301682
681388485
681433886
681615246
682812655
682820527
683125807
683505695
683573876
683649466
683836563
684348741
685138592
685444411
685809318
686477567
686496074
686750768
687371684
688510686
688553186
689161983
689410727
689687657
689942174
690092958
690207646
690323049
690790989
690959973
691019393
691081209
691269028
691499684
691713556
692000320
692028227
692662752
693910882
693969884
694381510
694722728
695307704
695466908
695801149
695959957
696142957
696452946
697108786
697135460
697151024
697214548
697310168
697666195
698125820
698170014
698270022
698607601
698731655
699102183
699655686
699697671
699746862
700019130
700376881
700819589
700898967
700979827
701670756
701713935
702043416
702111481
702289668
703093875
703190545
703415553
703913642
704045785
704354696
704627759
704729819
705403136
705413083
705424118
705597786
706851458
707014319
707060374
707454672
707462185
707860433
708233219
708238287
708338430
708442337
709206287
709458068
709548895
709915706
710143684
710193479
710193773
710556083
710684093
710967763
711028004
711184644
711317640
711810165
711956362
711967444
712064094
712606518
712824277
712838258
713237255
713361154
713363880
713544387
714008600
714067340
714070291
714315847
714631273
714826138
715068478
715318613
715879545
715964046
716324555
716563096
716708823
718400944
718498519
719119821
719159001
719318766
719693114
719748027
719859625
720088606
720438700
720586331
720674100
720692650
721095067
721164485
721461585
721464188
721524182
721654698
721690234
722401729
722724088
723230057
724368073
724576085
725575835
725607663
726273412
726332891
726346297
726484735
726843788
727456592
727749224
728384704
728508169
728661836
728701586
730112136
730215168
730236804
730842155
731402959
731834945
731861485
732479963
732558108
733431672
733545558
733574555
734201879
735741872
736554524
736565964
736813296
736900036
737042850
737549426
737591677
737730035
738083197
738573106
738781064
739131443
739279938
739950324
740446929
740497659
740804100
740880046
741608692
741608911
741790672
742329198
742421834
742709310
742830520
743163613
743444760
743661077
743911654
744019008
744453810
744895188
745001826
745495120
745590459
746266076
746696441
746919476
746942741
747237643
747249334
747523950
747569704
747592195
747826412
748119384
748846636
749120888
749199715
749325152
749551110
749553029
750208827
750882394
751088337
751181483
751269530
751666443
751755833
752078282
752214462
752253431
752400056
752538003
752614623
753041279
753079803
753589642
753996381
754297779
754369956
754379426
754465581
755260615
755717901
755925455
756102571
756131894
756548251
756670520
757127604
757614493
757728504
758594056
758634256
758685492
759511533
759583990
759735573
759990602
760389711
760758491
760886581
761080508
761139519
761360304
761931970
761964768
762332573
762431083
762433923
762684930
762951801
763117502
763204275
763803529
763835679
763925036
764403589
764631935
764697591
765101321
765480749
766791713
767370358
767470349
767579982
767582155
767961148
768493988
768648087
769124704
769323911
769456103
769474418
769512591
769744050
769921166
769999057
770197112
770278428
770368590
770429494
770765321
771544811
772107343
773121587
773364427
773397038
773475270
774122817
774277966
774632495
774960899
775140089
775711764
775896882
775919573
776095302
776152283
776650723
777550157
777730850
778456673
778473013
778768882
778797822
779649417
779667850
779891138
780606114
780617129
780716297
781167700
781338929
782009941
782177597
782208919
782738506
782861316
782926518
783624433
783667815
783972814
784250831
784294902
784486645
784950810
785051199
785157415
785331765
785443826
785720691
785945616
785954419
786405360
786415603
786954843
787105616
787312686
787745383
788015879
788263134
788887421
788892434
789184551
789626427
789676244
789735290
789739616
790470088
790544150
790991945
791632282
791703724
792000718
792073043
792245700
792287963
792307392
792409878
792503060
792737546
792792694
793665808
793951353
793955526
794058337
794192094
794353430
794923476
795497222
795509471
795673154
796563916
797378809
797460543
797530445
797538159
797600112
797786047
797943648
797982747
798238552
798452064
798697226
798818562
799300392
799915233
800002932
800277613
800296562
800338291
800471657
800511902
801563688
802065489
802146944
802318307
802917637
803739153
803915225
804089142
804364442
804545812
804583528
804604596
804962691
805963311
806270912
806706245
806783061
806884215
807164408
807223242
807333635
807770565
807985856
808158301
808256034
808486279
808556160
808616628
808771013
808930946
809602108
810318215
810676356
811178035
811477655
811482903
811611517
811700636
811858130
812250398
812561545
812610521
813083580
813151185
813372622
813614579
813675706
813709699
813938975
814718083
815498811
816308592
816354894
816452853
816522241
817260136
817305276
817466670
817537788
817610275
817614508
818584712
818662254
818934408
819276004
819624142
819821728
820495368
820558872
820980951
821024253
821035071
821070278
821519639
821592569
821653815
821676842
821743508
821917428
822289400
822804044
822869128
822922286
823176596
823310181
823339569
823374137
823673601
824371348
824433514
824624727
824934605
824971379
825132729
825294547
825391724
826147590
826373143
826431207
826435212
826685079
826730886
826733527
827310206
827760606
827765989
827940597
827941948
827978245
829058035
829182603
829841323
829937646
830232944
831115049
831748742
831819790
832074056
833440488
834382838
834767040
834802356
834932558
835165659
835290562
835447667
835906115
836017386
836111609
836239257
836877070
837224536
837404558
837578578
837917036
838015158
838018245
838046971
838182004
838324386
840346932
840732352
840895421
841012658
841043843
841185846
841328428
841379121
841521381
841561584
841664852
842122545
842395088
842703896
843255971
843688883
843939346
844078136
844138917
844273363
845164019
845216290
845443602
846175468
846180531
846226190
846274341
846749970
846887224
847266963
847700731
847703825
847714448
847942057
848139799
848352690
848387224
849466232
849887082
850009276
850200502
850385315
850532283
852271501
852373896
852483107
852581488
853843955
854273542
854455894
854562294
854814988
854959243
855421066
855744026
856200384
856258360
856390339
856906729
857339240
857374573
857476272
857499789
857900020
858300323
858308437
858501810
858832711
858861601
858934964
859314394
859482780
859511369
859579499
859614253
859670727
859803644
860248685
860679082
861335740
861743661
861790274
861793621
861903485
862018487
862822143
863132223
863247414
863312152
863732743
863755485
864080280
864592331
864791147
865305404
865339349
865623335
866103684
866277825
866435500
867253327
867367302
867394529
867403042
867846397
867868591
868073077
868091682
868120118
868150805
868223425
869038394
869058905
869277040
870175832
870256581
870406742
870439891
870906651
871103055
871801503
871836708
872356132
872474285
872598334
872784909
872833116
873260122
873792570
873969284
874233009
874379607
874744339
875326067
875573302
875753172
875958723
876130193
876172503
876987118
877265628
877836619
877855881
878028595
878068999
878189070
878245462
878881486
878945969
879359521
879498312
879707190
879716371
880555180
880571348
880758938
881240704
881537285
881831930
881892369
882235468
882359507
882394627
882459017
883105461
883183812
883390744
883572650
884283523
884523324
884537544
884997450
885016100
885285777
885292038
885608117
885707970
885765042
886362094
886419660
886586626
886785005
887434201
887605170
887641722
887736900
887775770
887985844
888099211
888837322
889059395
889542754
890402121
890698457
890760781
890775501
891312152
891495008
891998976
892474341
892769648
893144551
893990267
894085347
894095157
894119488
894355638
894374490
894453514
895002562
895085460
896410379
896465526
896650216
896851228
897023499
897563741
897617515
897625447
897831843
898374689
898512248
899080679
899104741
899334753
899410286
899442724
900053644
900597821
900695896
901080169
901793004
901842504
901978505
902075544
902400624
902749518
902942183
903827955
903837156
904514731
904785991
904858007
905225315
905371944
905479977
905505614
905505752
905975983
905978357
906481767
906531883
906620741
906726936
907311973
907794856
907926519
907995420
908175467
908344938
908472124
908486619
908647138
909153346
909282206
909331863
909467958
909929414
910104733
910260111
910348127
910471549
910827447
910881803
910949452
911118898
911309929
911387862
911403409
911420912
911453535
911511753
911704319
913111453
913118932
913464605
913704593
913813862
914103014
914349871
914437787
914664161
914780364
915020665
915206714
915966233
917151529
917159213
917228358
917414463
917555803
917871100
918385079
918391562
918686165
919010862
919049246
919206550
919386593
919427071
919489759
919503209
919775986
920562891
920609676
920817511
920912827
921469654
922240964
922316773
922697026
923210739
923387477
923629139
923780783
924034867
924164731
924204363
924587808
925113512
925130335
925724322
925815754
926955805
927119671
927209023
928556340
928718061
929613083
929738660
929753789
929775988
930057108
930062811
930637951
931065560
931131997
931232915
931382089
931974894
932582808
932739397
932844409
933201652
933377663
933533253
933605504
934248574
934337485
934846164
935047548
935440970
935527004
935618685
935924886
936234835
936251972
936292001
936296793
936442317
936483509
936492671
936667955
937721113
938120815
938278227
938365365
938975450
939263397
940608428
940848512
941208571
941475055
941931031
942118433
942184631
942443046
942461251
942624378
942923104
943724661
944157121
944329938
944679277
945303921
945309433
946059407
946103210
946698316
946706476
946905550
947029525
947045984
947067701
947102374
947446194
947917338
948086692
948169939
948470354
948613861
948773693
948950691
948964612
949189949
949285029
949305255
949376663
949706881
951253350
951645888
951772647
951777600
951803947
952404577
952457571
952460891
952462161
952584647
952742882
952762564
953243792
953386917
953591643
953874280
953946768
953996771
954471765
954760593
955135489
955437170
955477570
955805605
955814919
955852456
956046559
956159519
956470042
956745615
957198420
957343775
957647922
957695139
958775777
959325232
959436743
959497731
959510874
959659169
960006154
960007135
960125832
960217198
960452382
961264030
962026951
962046080
962083571
962141116
962437394
962479769
962640921
962731403
962745172
963649695
963879136
964099501
964109446
964404625
964482679
964581814
965092600
965251814
965354335
965416139
965625502
965970526
966033814
966106970
966834717
967069538
967444393
967696754
967918685
968057398
968328798
969106000
969110851
969228791
969272019
969276794
969384362
969387465
970287032
970295883
970299779
970530261
970852323
971297318
971409651
971416399
971435617
972101374
972843361
973145714
973416710
973572574
973613525
974018539
974108792
975027998
975187500
975375835
975634461
975654173
976161403
976557916
977311773
977491675
977779851
978054302
978057143
978387169
978640835
978868075
979470391
979641461
980112236
980200387
980260994
980431430
980432728
980485987
980509438
980633501
980767076
981306643
981338578
981732316
981800932
982279742
982497851
982685249
982833939
982951062
983530386
983539158
983754473
983806851
983988196
984013048
984560988
984630149
984657089
984658459
984962556
985068614
985104305
985653235
985866647
986893132
987824021
988017294
988067752
988101835
988296317
988857616
988973454
989004298
989180128
989290026
989912520
989954978
990157437
990543720
990695969
990897489
991202162
991571529
991813168
991856709
991897130
992249650
992387633
992449806
992590813
992599247
992612130
993029239
993063893
993068390
993185403
993310601
993617617
993675774
993874934
993984660
994022857
994058818
994491805
994527045
995357262
995696230
996559211
997724734
998147484
998347105
998385708
998432453
999069532
999464137
999895150
1000018112
1000145481
1000266874
1000554566
1000800833
1000977752
1001141591
1001142232
1001237388
1001369282
1001477081
1001634306
1001731912
1001973160
1002199200
1002254939
1002457196
1002662860
1003282513
1004001812
1004065741
1005241359
1005462405
1006854387
1006893297
1007025664
1007171327
1007701194
1007899900
1007926094
1008170959
1008714199
1009306700
1009328038
1009587710
1009606569
1009623461
1009688215
1009969048
1010019819
1010361426
1010418062
1010462277
1010538564
1011025156
1011065063
1011489443
1011690260
1011695256
1011842612
1011875693
1012117119
1012126599
1012660190
1012778802
1012860346
1013553342
1013882365
1013945579
1015755916
1015964391
1016177627
1016385695
1016392329
1016482216
1016614357
1016729616
1017229814
1017970724
1018064783
1018302889
1018345694
1018349233
1018353088
1018733167
1018769875
1018976057
1019513576
1019572119
1019651959
1019762071
1020123934
1020279389
1020365801
1020402436
1020638453
1020821669
1020898634
1020980474
1021958257
1022123808
1022296777
1022333364
1022516555
1022624117
1023167318
1023212716
1023797544
1023860869
1023866053
1024322459
1024323836
1025223022
1025303296
1025539181
1025563217
1025779035
1026364991
1027341048
1027480925
1027646043
1027916116
1028032095
1028252574
1028719533
1029188457
1029509117
1029697970
1030002122
1030035615
1030304016
1030420416
1031106222
1031344183
1031412049
1031596360
1031691938
1031918528
1032111763
1032515327
1032815031
1033531721
1033719688
1033898367
1033973488
1034366220
1034767910
1034792600
1034850051
1035024529
1035252612
1035453557
1035505318
1035705848
1036080741
1036370564
1036374796
1037062603
1037344395
1037882652
1037914410
1038475224
1038786537
1040311216
1040980285
1041024970
1041115698
1041260266
1041919154
1042037982
1042302499
1043035945
1043168852
1043753454
1043827938
1043860136
1044032797
1044038347
1044195696
1044571807
1044801994
1045708415
1045893439
1046260005
1046543700
1047013973
1047397179
1047451793
1047882053
1048155241
1048231255
1048380474
1048411602
1048693451
1048867763
1048990932
1049367447
1049467719
1049591346
1049694306
1050120851
1050123625
1050518213
1050549017
1050707208
1050781009
1051600627
1051659597
1051954755
1052011748
1052184696
1052480304
1052965545
1053836116
1053930899
1054342048
1054397748
1054727111
1055528997
1055652249
1055704256
1055832417
1055859389
1055944337
1056075134
1056474164
1056581221
1056718526
1056804500
1057162266
1057629543
1058211675
1059464940
1059979848
1060091444
1060779233
1060886708
1061440366
1061591952
1061849891
1062145612
1062501337
1062965006
1063016070
1063085433
1063232665
1063404903
1063890164
1064103431
1064312716
1065104411
1065776798
1065836315
1065936932
1066012442
1066333135
1066469885
1066514372
1066596906
1066887680
1066990037
1067012786
1067114140
1067496521
1067532040
1067545637
1068437908
1068646641
1068793806
1068809104
1068994968
1069397008
1069408914
1069439444
1069745446
1070122967
1070158853
1070253915
1070257170
1070365543
1070681380
1070877250
1071015724
1071317291
1071330924
1071934589
1071950153
1072254783
1072285006
1072627783
1072771257
1073450903
1073618723
1073826505
1074035888
1074298368
1074710051
1074857399
1074948654
1075151732
1075212135
1075483968
1075557550
1075687783
1075807683
1076568560
1076810080
1077461396
1077477765
1077811630
1077939220
1078233735
1078286627
1078613326
1078659107
1078856465
1078879214
1079623082
1079753220
1080174253
1080754721
1080967563
1080981899
1081199736
1081255824
1081289467
1081291794
1081366808
1081516329
1081651288
1082328225
1082601212
1082655749
1082702925
1083196662
1083723578
1083923618
1084113246
1084151675
1085459457
1085630367
1085684498
1085964954
1086003210
1086184405
1086197993
1086550946
1086561395
1086901405
1086958828
1087013755
1087259459
1088099710
1088262001
1089177270
1089421783
1089481733
1089856690
1090443160
1090515240
1090524527
1090917099
1091162104
1091283018
1091308359
1091509708
1091603824
1092172214
1092243486
1092711081
1093064949
1093360838
1093810220
1093995196
1094665522
1095086655
1095231213
1095272445
1095319853
1095334912
1095368704
1095369107
1095418677
1095691610
1095812524
1096054045
1096081918
1096171865
1096384073
1096604309
1096669690
1097312320
1097770044
1097915616
1098213147
1098477172
1098508524
1098551198
1098839980
1099319678
1099646764
1099708141
1100741230
1101596781
1101713372
1102822824
1103045514
1103988795
1104271743
1104349790
1104641313
1104932602
1105051366
1105316308
1105983950
1106126259
1106735913
1107252616
1107287421
1107368834
1107480727
1107809649
1107849712
1108320489
1108508160
1108896221
1109993175
1110054461
1110180644
1110847394
1110962746
1111189050
1111197044
1111643345
1112324259
1112493039
1112842105
1112949691
1112975466
1113018444
1113355099
1113363570
1113954389
1114326239
1115066567
1115123177
1115895593
1116078277
1116148556
1116385415
1116817859
1117914264
1118416366
1118440791
1118773589
1119022466
1120218385
1120501566
1121158364
1121270123
1121497936
1121545723
1122288067
1122434251
1122883386
1123685510
1124202920
1124953914
1124999021
1125029653
1125377315
1125561944
1125694968
1125819187
1126255154
1126434992
1126627040
1126647213
1127561445
1128206338
1128224073
1128520678
1128741931
1128818267
1128885095
1129170245
1129439438
1129643125
1129919595
1129991572
1130008830
1130029812
1130477252
1130775511
1130908730
1130943543
1131349657
1131357085
1131391627
1131957997
1132074756
1132258840
1132654837
1132930490
1133065741
1133087072
1133188619
1133341136
1133627437
1133644153
1134027198
1134838028
1135019377
1135337436
1135416988
1135460539
1136214796
1136740030
1137174349
1137650475
1138160454
1138287765
1138493745
1138522954
1138538781
1139232255
1139248957
1139714268
1139716756
1139755484
1141097568
1141729018
1142992618
1143585468
1143650418
1143668459
1144703355
1144796518
1145368892
1145375793
1145449721
1145452748
1145565578
1145575072
1145970651
1146095469
1146754697
1146964045
1146994242
1147409541
1147730818
1148663713
1149168576
1149184467
1149418614
1149438799
1149556279
1149588134
1149600359
1149639929
1149802630
1150150799
1150207732
1150213865
1150455249
1150591429
1150633909
1150677631
1151174269
1151288681
1151351677
1151398325
1151451612
1152124631
1152623953
1152789704
1152935809
1153767772
1153976900
1153999605
1154049541
1154556218
1154716836
1155282062
1155573590
1155583829
1155725064
1156501823
1156821624
1157809774
1158055880
1158085279
1158642953
1159310344
1159557085
1159569103
1159719346
1160038207
1160047084
1161139343
1161417319
1161424717
1161717378
1161969423
1162356859
1162569021
1162665119
1162879871
1164128355
1164163224
1164211029
1164729772
1165661221
1165821937
1166011912
1166148484
1166679976
1166688139
1167434914
1167447334
1167458431
1167512943
1167581688
1167993527
1168198480
1168900749
1169348952
1169580616
1170049058
1170677804
1170893263
1171084787
1171180754
1171355898
1171520473
1171612756
1172104452
1172339678
1172342425
1172662475
1172673806
1172807533
1172869791
1172925670
1173125070
1173439356
1173656310
1173933255
1174405789
1175651260
1175708929
1175757418
1175784901
1176074271
1176251371
1176294607
1176297448
1176330889
1176912804
1177439051
1178040463
1178204769
1178466921
1178543809
1178821467
1178870095
1178930296
1178956473
1179377146
1179539703
1179566105
1179936636
1180152271
1180206994
1180243809
1180631497
1180710271
1181159837
1181406347
1181417566
1181884853
1182018387
1182131523
1182860993
1183195133
1183538639
1183659716
1183857719
1184066462
1184117710
1184211478
1184343585
1184432455
1184485854
1185671474
1186013784
1186079190
1186144321
1186383215
1186525408
1186558970
1186600161
1186986492
1187126213
1187339078
1187436126
1187621858
1187723914
1187900299
1187935716
1188019673
1188510134
1188759914
1189579633
1189731272
1189767583
1189823048
1190357961
1191411061
1191519409
1191721138
1191749571
1192249210
1192318531
1192384752
1192684249
1193019037
1193223190
1193302986
1193608976
1193670417
1193767574
1193860113
1194002372
1194362870
1194934389
1194966190
1195190472
1195490528
1196114471
1196462695
1196875796
1196988633
1196991317
1197214456
1197311926
1197653216
1197736993
1197776926
1197898082
1198037311
1198042633
1198166686
1198414018
1198417513
1198473084
1198617557
1198975245
1199085110
1199171993
1199185671
1199221581
1199432418
1199931360
1200290317
1200461589
1200584415
1200916087
1201421974
1201450682
1201607972
1201614717
1202004727
1203081955
1203085408
1203266140
1203740574
1204136348
1204172281
1204450345
1204553619
1205121208
1205169619
1205225625
1205316963
1205380961
1205571031
1206120332
1206343918
1207015310
1207284723
1207326261
1207652149
1207753668
1207818636
1207838291
1208541381
1208833915
1209176087
1209366206
1210147814
1210297098
1210871911
1210890441
1211314731
1211551007
1211914369
1212051326
1212361483
1212540019
1212914800
1212930881
1213159282
1213887616
1213965973
1214057466
1216394224
1216536451
1216864870
1216897668
1217069294
1217109614
1217212473
1217304643
1217384147
1217446966
1217555758
1218261437
1218551726
1218565098
1218652199
1218675034
1218840105
1218856140
1218954074
1219001164
1219072792
1219083665
1219778030
1220235992
1220573059
1220594589
1221098148
1221539524
1222244845
1222251023
1222267493
1222326208
1222718753
1223018317
1223139717
1223384368
1223411503
1223834733
1224442031
1224679615
1224942587
1225099114
1225174573
1225230867
1225299579
1225701891
1226132445
1226155049
1226160089
1226534700
1226580983
1226844284
1226957790
1227464414
1228110341
1228523200
1228658622
1228712899
1230110575
1230896686
1231108813
1231216265
1231440990
1231671346
1232093569
1232099423
1232474197
1232661451
1232996471
1233181609
1233432560
1233530414
1233792143
1234058855
1234140257
1234388696
1234501448
1234572506
1235118478
1235301156
1235816808
1235954501
1235964398
1236117773
1236169040
1236436400
1236552272
1236840229
1237354224
1237452447
1237760174
1238016808
1238323063
1238641464
1238782664
1238814851
1238818254
1238869917
1239205253
1239471447
1240125095
1240288808
1240312747
1241157804
1242483411
1242495750
1242606691
1242672086
1242763176
1243040143
1243379875
1243724880
1244207589
1244561705
1244904233
1245090879
1246125089
1246255650
1246804138
1246863460
1247843769
1248419329
1249400061
1249471477
1250227270
1250311116
1250438248
1250595048
1250664412
1250678050
1250721231
1251664504
1251733388
1251806170
1251911346
1251918832
1252258733
1252643498
1252810900
1253291206
1253907917
1254414199
1254519513
1254762141
1254768756
1254959322
1255635516
1255872358
1255929127
1255947915
1256112917
1256292638
1256327447
1256909191
1257030302
1257047446
1257232234
1257307155
1258014491
1258411198
1258525423
1259035141
1259217277
1259271289
1259755203
1259788805
1259958506
1260124750
1260312476
1260502126
1260565065
1261220325
1261424743
1261842717
1262249206
1262568545
1262702333
1263756239
1264009784
1264286257
1264518528
1264970466
1265533619
1265666166
1265871601
1265929913
1266058989
1266094971
1266591790
1267106383
1267965411
1268353944
1268953188
1269035100
1269831366
1269980152
1270249062
1270446270
1270800706
1270816130
1270918364
1271207868
1271694570
1271986222
1272106780
1273755269
1274089528
1274181947
1274512646
1274731620
1274939604
1275151547
1275180308
1275361257
1275466080
1275536637
1275581330
1275746937
1276047242
1276064358
1276106178
1276295470
1277024654
1277084035
1277330525
1277353572
1277565573
1277728275
1277934532
1278145234
1278234352
1278399976
1278659533
1278728783
1279587782
1279641783
1279662365
1279717549
1279812271
1279953540
1280289424
1280318018
1280564691
1280620440
1280698692
1280915394
1281048303
1283200216
1283237844
1283557446
1283609277
1284497897
1284566042
1284851729
1284895527
1285349631
1285733426
1286423590
1286889714
1287189932
1287242540
1287246804
1287308433
1287534474
1288314499
1288587859
1288772921
1289100091
1289360052
1289641625
1289855607
1289870145
1290365078
1290397408
1290828960
1291196643
1291511690
1291670846
1291730270
1291867116
1291957437
1292068887
1292244696
1293081774
1293093024
1293255040
1293611237
1293615638
1294090655
1294792173
1296476654
1296539331
1297724483
1298138527
1298351991
1298439444
1298488743
1298749343
1298927743
1298994925
1299708700
1300167376
1301145169
1301643957
1302018406
1302105697
1302159312
1302178230
1302400020
1302785551
1303029017
1303476269
1303630798
1303840015
1304239685
1304383762
1305293831
1305497837
1305684866
1305737003
1305850550
1305970047
1306830203
1306865415
1306955878
1307273574
1307294833
1307504568
1308597171
1308773787
1308787287
1309073215
1309272530
1309672974
1309745804
1309916529
1310096294
1310318310
1310755674
1310776067
1310975553
1311150652
1311473790
1311782606
1312177186
1312190309
1312254691
1312738027
1313509636
1313641763
1313642742
1314211906
1314444395
1315171387
1315182156
1315550831
1315706476
1315992750
1316229714
1316344537
1316417894
1316586495
1316861146
1316982148
1317225634
1317678170
1317900833
1317900949
1318032423
1318479439
1318748274
1318856875
1319064251
1319101760
1319145626
1319173587
1319622944
1320119750
1320181830
1320425091
1320746205
1321260336
1321367162
1321475119
1321586377
1321599740
1322082316
1322276831
1322335072
1322508651
1322793998
1323355181
1323729502
1323937054
1324241907
1324265784
1324723872
1324733968
1324985023
1325134335
1325268944
1325321153
1325383701
1325515803
1326140826
1327361053
1328051199
1328542404
1328666300
1328752300
1328856779
1328936998
1328958328
1329694193
1330004895
1330082289
1330351230
1330512213
1330549512
1330702207
1330726712
1331383049
1331826192
1332446696
1332913829
1333271620
1333301045
1333810374
1333864204
1334320478
1334393822
1334591363
1334762381
1334843503
1334885333
1335361623
1335519214
1335629088
1335796746
1335945118
1336002422
1336195789
1336361774
1336696534
1336900147
1337247496
1337636779
1337796864
1337830107
1337951543
1338000398
1338241810
1338285889
1338402938
1338457230
1338674840
1339070602
1339245182
1339438236
1339635899
1339988158
1340005819
1340456837
1340672817
1341052145
1341075012
1341269332
1341513670
1341584566
1341690175
1341956572
1342035326
1342151117
1343101006
1343304520
1343820780
1343893370
1344027097
1344102172
1344108694
1344155942
1344291126
1344793632
1345138008
1345203454
1345244612
1345338505
1345445318
1345653391
1345965294
1346585077
1346650655
1346767708
1346907462
1347016061
1347315719
1347454452
1347551134
1347828696
1348015112
1348136966
1348615162
1350499401
1350517343
1350921545
1351022544
1351394053
1351510435
1351719862
1351911763
1351965603
1352492844
1352659988
1353075364
1353601235
1353942430
1354108694
1354177912
1354385028
1355391601
1355662550
1355668420
1356126209
1356498677
1356542460
1356556791
1356784155
1356940198
1357071203
1357191642
1357244368
1357356045
1357363324
1357380929
1357623973
1357985522
1358035782
1358290037
1358832920
1359296335
1359662671
1360018778
1360144429
1360202142
1360747456
1360779324
1360875012
1360940483
1361411698
1361511425
1361516280
1361557340
1362422892
1362641404
1363143718
1363369138
1363543367
1363548967
1363701679
1364205716
1364299194
1364352830
1364416612
1364670912
1364846825
1364957884
1365138760
1365169521
1365290533
1365296415
1365390651
1367037536
1367230238
1367378464
1367437529
1367482122
1367698968
1368032207
1368995498
1369068684
1369266967
1369281992
1369408086
1369499387
1369660436
1369760097
1370192079
1370511057
1370750414
1371048218
1371720929
1371727791
1371933388
1372341092
1372343580
1372389634
1372536286
1372708893
1372935261
1373358645
1373741822
1374090219
1374098768
1374577911
1374866134
1374939440
1375506290
1375671625
1375897043
1375983775
1376086824
1376184444
1376271647
1376480552
1376583732
1377030102
1377284083
1377464643
1378259017
1378731000
1379019277
1379772912
1379864965
1379889950
1380014091
1380410050
1380507959
1380551272
1380603766
1381119481
1381434927
1381524005
1381907431
1383274600
1383435719
1383465932
1383934944
1384010757
1384188730
1384240667
1385180102
1385556547
1385604859
1385605323
1385710160
1385837693
1385993417
1386061620
1386498001
1387140333
1387150059
1387512634
1388092775
1388319508
1388640240
1388699154
1389391630
1389879088
1389932641
1390211805
1390593607
1390990204
1391017773
1391662179
1391664869
1392278325
1392379064
1392488516
1392490674
1392552857
1393177219
1393320950
1393374896
1393482342
1394153974
1394427112
1394867369
1395015418
1395381071
1395792925
1395812740
1396015559
1396415838
1396700253
1397321246
1397388183
1397444046
1397535402
1397869249
1398030185
1398560700
1399054395
1399518489
1399601175
1399972684
1400062877
1400350674
1400359626
1400461570
1401082953
1401279026
1401301045
1402111690
1402144553
1403192545
1403512864
1403715229
1403922482
1404122142
1404902821
1405093812
1405240969
1405672120
1405685787
1406195946
1406669918
1407113961
1407359985
1407412017
1407829103
1408005215
1408184180
1408333080
1408612248
1409025043
1409038047
1409468578
1409638005
1410446730
1410599206
1410610864
1410622315
1410827254
1411095335
1411155261
1411235528
1411282404
1411843111
1412561514
1412871182
1413109924
1413321141
1413377558
1413689489
1414506217
1414611631
1415801831
1415886851
1416235304
1416756181
1416802668
1416926760
1416961904
1416987343
1417436201
1418021105
1418028258
1418113676
1418386902
1418424046
1419074624
1419126641
1419144827
1419216967
1419388524
1419535001
1419687773
1419852530
1419905265
1420277039
1420514087
1420780815
1420932433
1421084554
1421118881
1421180381
1421751280
1422845845
1422971383
1423024368
1423132445
1423271659
1423490495
1423537086
1423553303
1423592836
1424127718
1424747691
1424955596
1425909915
1426006621
1426406685
1426638791
1426772570
1426788814
1426793641
1426861616
1427322249
1427857720
1427928835
1427979112
1428149858
1428285298
1428449733
1428518628
1428885975
1429349598
1429398768
1429871527
1429886432
1430100632
1430217767
1430330928
1430820850
1431083636
1431249211
1431330226
1431607925
1431700120
1432024855
1432072732
1432560982
1432643843
1432756886
1432778039
1432824813
1433032360
1433372451
1433375163
1433874281
1434238701
1434318022
1434557150
1434668311
1435402318
1435433655
1435821744
1435830594
1437436153
1437504200
1437959904
1438267178
1438328740
1438380195
1438449805
1438905251
1439231678
1439723781
1439970075
1440247668
1440257523
1440609956
1441088747
1441368518
1441385178
1441690372
1441817849
1441923837
1442089896
1442360252
1442766155
1442818475
1443231449
1443414922
1443437751
1443666763
1443825882
1444249952
1444577854
1444604311
1445096746
1445232842
1446069913
1446117849
1446240622
1446668066
1446844781
1447135208
1447857073
1447900986
1448288318
1448742289
1449130041
1449817022
1450108676
1450250326
1450279355
1450315073
1450399048
1450829501
1451037631
1451254239
1451297524
1451699112
1451699582
1451801630
1451828741
1452035918
1452036151
1452663348
1452750703
1452768313
1453550374
1453808713
1453918318
1453947288
1454048020
1454282239
1454820728
1454859480
1454878071
1454944421
1454963428
1455045033
1455129555
1455300175
1455726971
1455789984
1456183796
1456601647
1456851962
1456926339
1456987991
1457038922
1457174277
1457232988
1457728359
1457877779
1458110751
1458271177
1458782675
1459185410
1459422220
1459531341
1459539505
1459662888
1459885263
1460693611
1460854778
1460876340
1460901091
1461038990
1461142846
1461306855
1461439616
1461796205
1461905703
1462057321
1462810052
1462843151
1462978705
1463223478
1463338519
1463678358
1463703073
1463956319
1464036266
1464280778
1465149675
1465161434
1465612090
1465900839
1466117990
1466404593
1466814235
1467161921
1467253180
1467301179
1467476676
1467827803
1467871994
1468069692
1468445120
1468578222
1468613114
1468875723
1468891230
1469099564
1469503437
1470663360
1472135675
1472344232
1472348968
1472776022
1472988738
1472992175
1473331391
1473337858
1473429808
1474285880
1474344589
1474773509
1474971879
1475008857
1475029434
1475158561
1475241390
1475383520
1475745887
1476093234
1476372770
1476478462
1476567050
1476949967
1477496301
1477514713
1478140443
1478847741
1479041396
1479134175
1479380313
1479478494
1479679538
1479851586
1479955261
1480518874
1480656961
1480725957
1481524661
1481741140
1482145562
1482269116
1482279709
1482496178
1482679855
1483487767
1484006408
1484814095
1484888946
1485654749
1485675978
1485771581
1485869015
1486310646
1486449658
1486464909
1486546497
1486690677
1486883017
1486891071
1487302569
1487337712
1487510741
1488436510
1488592852
1489024058
1489354030
1489570045
1489728742
1490613561
1490728937
1490791676
1490810039
1490831572
1491138880
1491466901
1492072578
1492115683
1492599563
1492696328
1493085083
1493374821
1493407644
1493676217
1493850615
1494092869
1494652041
1495387837
1495414026
1495414228
1495902770
1496001764
1496223510
1496295143
1496417288
1496476326
1496490343
1496666470
1496903789
1497109953
1497677736
1497779319
1498416802
1498819853
1498990011
1499157448
1499429577
1499607907
1500068032
1500304363
1500340035
1500428774
1500745232
1501017953
1501115128
1501577334
1501603024
1501887826
1502263330
1502531635
1502654111
1502708101
1503132705
1503746470
1504245917
1504321341
1504478339
1504484360
1504840520
1504866225
1505056533
1505240319
1505294455
1505491467
1505774429
1506235731
1506448665
1507246763
1507315862
1507513729
1508109053
1508226223
1508242626
1508323624
1508730660
1509054464
1510001427
1510424470
1510750124
1511210815
1511488569
1511528969
1511911687
1512302775
1512754367
1512773091
1512987027
1513086689
1514132766
1514191314
1514450267
1514783441
1515081784
1515257004
1515586290
1515842798
1516461030
1516471983
1516904314
1517443174
1517492770
1517582329
1518030597
1518287142
1518555350
1518683537
1519002600
1519226438
1519726996
1519882258
1520091042
1520644851
1520748485
1520833603
1521107889
1521487870
1522060454
1522321139
1522465403
1522636184
1522979994
1523338304
1523461327
1523691704
1523994360
1524646041
1524711111
1524751258
1524876164
1525009927
1525290473
1525647108
1525722594
1525883021
1526583480
1526905130
1527122806
1527289463
1527635629
1528447158
1528972573
1528974668
1530067228
1530308785
1531017487
1531193050
1531280384
1531434374
1531503592
1531553963
1531709758
1531965466
1532269696
1532691526
1532725982
1532947009
1533263349
1533773410
1534007403
1534039354
1534054857
1534064296
1534117830
1534299486
1534454678
1534695837
1534800121
1535105738
1535354573
1535918274
1536397796
1536401201
1536481626
1536606000
1536747618
1536827369
1537552359
1537563463
1537599500
1537611260
1537827100
1537880669
1537957804
1538096032
1538105823
1539634117
1539816713
1539831606
1539929406
1540084315
1540111100
1540553302
1540796696
1540833789
1540848979
1540872910
1541131373
1542000246
1542269631
1542397145
1542666578
1542801702
1543102370
1543293667
1543698788
1543733222
1543860110
1543862589
1543863651
1544646700
1544650682
1545357287
1545654588
1545719132
1545973304
1546107223
1546311426
1546345107
1546411853
1546655250
1546760662
1546883831
1547412025
1547700294
1548209704
1548504352
1549219651
1549938587
1550064971
1550556774
1550790237
1550808170
1550874809
1550879103
1550906223
1551093882
1551213060
1551271609
1551377837
1551426951
1551574504
1551626715
1551639274
1551784145
1551870044
1552053677
1552288768
1552659800
1553019974
1553785928
1553871750
1554099428
1554359489
1554619786
1554771862
1555008308
1555168951
1555658534
1555807381
1555890191
1555950797
1556005850
1556370860
1557681086
1558491923
1558849603
1558899291
1558982939
1559722172
1560132171
1560205177
1560594535
1560942147
1561269408
1561781621
1562041792
1562090239
1562887449
1563364270
1564004786
1564587240
1564632101
1564738468
1564864585
1564896779
1565044969
1565119633
1565180377
1565684505
1565917399
1566198280
1566626766
1566656377
1566890588
1566920265
1567017003
1567047302
1567168812
1567895472
1568179811
1568272821
1568741204
1569060230
1569156331
1569916604
1570180780
1570381351
1570382954
1570443386
1570617156
1570824970
1570963652
1571237878
1571548607
1571821983
1571872050
1572021607
1572037808
1572208417
1572218129
1572405989
1572426621
1573180335
1573223885
1573291630
1573588450
1573661725
1573780237
1574347633
1574377916
1574659280
1574729170
1574785364
1574826607
1575146609
1575271489
1575311322
1575497294
1575613872
1575744922
1576240209
1576291170
1576966892
1577497711
1577990463
1578206556
1578212264
1578311104
1578509647
1578577899
1578742632
1578862762
1578955349
1579118099
1579161584
1579455816
1579986306
1580280958
1580441876
1580809602
1580894852
1581098346
1581220865
1581305436
1581383024
1581771079
1581828728
1581920394
1581966174
1582254501
1582595979
1582630548
1582660428
1582691675
1582756872
1582797569
1582798098
1584068672
1584642993
1584679466
1585103697
1585241727
1585376534
1585854603
1586142722
1586259081
1586368800
1586415621
1586545549
1586629037
1586839232
1587189298
1587327517
1587418321
1588110350
1588478776
1588823126
1589065921
1589340940
1589722846
1589858031
1590379215
1590574585
1590745195
1591079576
1591101823
1591182081
1591564392
1591763975
1591783841
1591852462
1592201826
1592730862
1593172791
1593255177
1593683978
1594884821
1594906633
1595090213
1595352820
1595769386
1596319035
1596319899
1596337521
1596380991
1596618841
1596960415
1597197848
1597385120
1597458204
1597670426
1598346656
1598484887
1598800634
1599025045
1599235720
1599241152
1599417550
1599424972
1599701032
1599930822
1600270282
1600743044
1600798082
1600885043
1601194462
1601205740
1601502217
1601798160
1601977463
1602093559
1602186603
1603266096
1603448853
1603529580
1603803769
1603861054
1604104374
1604321573
1604441931
1604616924
1604908474
1605555339
1606515975
1606542275
1606591513
1606917762
1606995561
1607138134
1607139646
1607265666
1607751697
1607918370
1608464933
1608480322
1608959181
1609631960
1609645311
1609681403
1610134390
1610211725
1610313471
1611463442
1611554062
1612018559
1612320537
1613032459
1613533658
1613692568
1613933674
1614002095
1614026286
1614440332
1614469924
1614513820
1614627989
1614690708
1614947781
1615177487
1615649734
1616088818
1616241295
1616256073
1616485413
1616767323
1616913213
1617643592
1617812722
1617848247
1617961767
1618059849
1618464992
1618489527
1618865594
1619384796
1619828011
1620231982
1620311721
1620369979
1620531089
1620610370
1621000284
1621070390
1621083365
1621306475
1621355121
1621361165
1621631822
1621784953
1621902027
1622462733
1622483154
1623090631
1623280446
1624297464
1624358310
1624483369
1625116881
1625125585
1625312966
1625821440
1625910859
1625911252
1626024684
1626029583
1627284258
1627481331
1627655635
1627786794
1628021830
1628081739
1628541582
1628971461
1629098248
1629438235
1629869379
1631463608
1632043993
1632132094
1632331923
1632333222
1632406803
1632954339
1633188417
1633194390
1633456573
1633810504
1634253564
1634264563
1634684663
1634859345
1635439899
1635680677
1635832824
1635885359
1635965615
1636008403
1636170182
1636521543
1636630867
1636715142
1636810087
1637043492
1637143754
1637358142
1637402787
1637517976
1637724607
1637812721
1638084965
1638090814
1638184536
1638740404
1638827861
1638848108
1639414450
1639598171
1639707170
1639807853
1640228305
1641201888
1641212326
1641606842
1641980061
1642177806
1642700035
1642811411
1642882897
1643022430
1643488745
1643732662
1643813148
1644269975
1644378920
1644478181
1644646331
1644698695
1644886314
1645156516
1645458461
1645769746
1645880283
1645949302
1646145045
1646182242
1646394282
1646461262
1646910068
1647006488
1647159895
1647420463
1647463065
1647758548
1647771306
1648006237
1648455975
1648574123
1648578195
1648723344
1648784622
1649165235
1649298323
1649536543
1650054527
1650117422
1650157595
1650206853
1650461516
1650630716
1650706349
1650892129
1651031818
1651365483
1651427713
1651710346
1652103069
1652164785
1652211857
1652577210
1652672138
1652769138
1652772199
1653006610
1653130724
1653247789
1653365967
1653429336
1653712309
1654167654
1654187463
1654467774
1655149872
1655249769
1655447316
1655565958
1655735094
1655853703
1655955079
1656643258
1657355143
1657507004
1657711899
1657771039
1657861965
1658198857
1658673540
1658928878
1659005464
1659128274
1659245501
1659435671
1659478524
1660078875
1660860959
1660936151
1661386318
1661673261
1661791417
1661995217
1662019637
1662254160
1663318652
1663842171
1663914835
1664482323
1665138413
1665181712
1665202127
1665608807
1666322862
1666370942
1666869093
1666988770
1667725219
1667746027
1668132034
1668714303
1668742501
1668876779
1669041456
1669302443
1669952674
1670002872
1670116784
1670471396
1670672700
1670959145
1671098877
1671167247
1671328602
1671413293
1672220673
1672484771
1672929605
1672979682
1673117373
1673727088
1674074094
1674351941
1674395752
1674636713
1674708586
1674756356
1674810619
1674842516
1674869449
1675866111
1676964079
1677133583
1677270826
1677482321
1677767576
1677785674
1677999562
1678080511
1678166596
1678288894
1678365518
1678524415
1678754444
1678909985
1679187527
1679496094
1679658514
1679875248
1680084113
1680165833
1680235899
1681147000
1681431267
1681502214
1681506092
1681637029
1681923564
1682306432
1682815761
1683420147
1683693303
1684149770
1684296209
1684384225
1684584176
1685013793
1685069228
1685778035
1685900611
1686631105
1687042919
1687198089
1687574736
1687664817
1687764958
1687838186
1688415927
1688550224
1689088417
1689104663
1689298478
1689458777
1689711789
1689799148
1689822825
1689932493
1690078034
1690232399
1690599286
1690733694
1690753940
1691080150
1691184112
1691301448
1691307245
1691454406
1691480886
1691541494
1691789078
1691798502
1691926917
1692029231
1692088617
1692771259
1692825697
1693283817
1693345978
1693532581
1693823627
1694041059
1694311416
1694742815
1694771510
1694801043
1695040573
1695158142
1695184284
1695205786
1695235460
1695239736
1695270017
1695624542
1695939909
1696479840
1696836165
1697009551
1697047401
1697572463
1698107520
1698386612
1698704561
1698785467
1698982743
1698995856
1699387796
1699437853
1699704018
1700082116
1700596121
1701015811
1701411496
1701415618
1701581779
1702618114
1704073127
1704347744
1704362279
1705014634
1705071037
1705126599
1705822685
1705971314
1706511865
1706584066
1706863169
1706868275
1707135750
1707155609
1707523766
1708251281
1708374915
1708575366
1708650842
1708679038
1708806909
1708872656
1709551730
1709559619
1709927169
1710007859
1710345367
1710681236
1710893441
1711004843
1711067086
1711246248
1711427745
1711569939
1711684424
1711730671
1711753207
1711761172
1712765466
1713301693
1713828752
1714567468
1714569219
1714994514
1715014884
1715210812
1715568229
1715787454
1716389609
1716441172
1716481625
1717001558
1717627559
1717861167
1717878532
1718013938
1718549939
1718598943
1719386409
1719399201
1720051695
1720931829
1720964495
1721789568
1722026641
1722039528
1722076152
1722181966
1722499680
1722808702
1722877954
1723026799
1723427502
1723674536
1723834995
1724600407
1724667791
1724686458
1724913631
1725623419
1725650271
1725890377
1726563136
1726760702
1726926428
1727290801
1727478730
1727507812
1727703875
1727902654
1727958980
1727962115
1728023657
1728568392
1728753966
1728890762
1729636049
1729705591
1729850655
1730113059
1730156772
1730169575
1730220653
1730229068
1730726711
1731328951
1731710387
1732116467
1732922178
1733468352
1734052288
1734605823
1734636015
1734818617
1734984630
1735123571
1735499624
1735650721
1735744335
1735776148
1735962220
1736441364
1736577390
1736681390
1736782893
1736800989
1736939045
1737547397
1738309669
1738339578
1738376800
1739191278
1739197247
1739232054
1739395895
1739882700
1740623327
1740677201
1740858428
1740898994
1741121382
1741411172
1741848863
1742444302
1742605045
1742742013
1742863896
1743508435
1743531525
1744086088
1744239168
1744404425
1744578273
1744763158
1745020723
1745121325
1745345164
1745485187
1745851968
1746225774
1746682221
1746860202
1746905094
1747013945
1747125173
1747219906
1747355400
1747648868
1747665818
1747933710
1748777027
1748815909
1749123387
1749464946
1750078092
1750818785
1751207109
1751821061
1751874630
1752027447
1752735187
1752814038
1752822145
1752967984
1753017285
1753064590
1753289867
1754124281
1754229670
1754297136
1754479473
1754979205
1755181006
1755233298
1755703796
1755855377
1756021005
1756275945
1756576698
1756664295
1756724882
1756824463
1757010076
1757221282
1757373756
1757606266
1757710181
1758033261
1758328787
1758402218
1758413186
1758570696
1758820171
1758858067
1759600979
1759870744
1760385895
1760726837
1760832107
1761313058
1761460718
1761541661
1761590774
1761821351
1762272982
1762541593
1763028419
1763148950
1763326737
1763474506
1763843893
1764009522
1764303299
1764469920
1764610023
1764703207
1765143417
1765389210
1765398733
1765524327
1765532303
1765980233
1766407543
1766857884
1766915807
1767747132
1767748797
1767789592
1767917288
1768447309
1768668476
1768678425
1769598976
1769638720
1769794962
1770037179
1770144716
1770161836
1770474620
1770508861
1770660428
1771160497
1771428211
1771499856
1771573056
1771579053
1771614809
1771730208
1771895419
1771971118
1772657657
1774038242
1774297204
1774425621
1774567007
1774974158
1775173053
1775244373
1776179902
1776620822
1776703321
1776932887
1777463504
1777523819
1777556075
1777582383
1777608975
1778489510
1778930798
1779202067
1779203541
1779450951
1779733853
1780001659
1780339350
1780489692
1780922891
1781312687
1781531291
1781949349
1781950341
1782097871
1782136162
1782405088
1782853081
1782884468
1783705323
1783748200
1783831395
1784318647
1784335561
1784345158
1785713367
1786268063
1786394711
1786406750
1786480611
1786603513
1786934824
1786942298
1787040909
1787185936
1787250160
1787263704
1787559522
1787720994
1787933312
1788143483
1789172773
1789370552
1789492164
1790000147
1790391572
1790491145
1791614322
1791614734
1791640157
1791921018
1792160415
1793020291
1793046778
1793738641
1793978500
1794170124
1794299934
1794399914
1795499591
1795630490
1795701695
1796235560
1796314507
1796927245
1797363616
1797885410
1798490278
1799155686
1799392815
1799722321
1799750933
1800056114
1800219638
1800405094
1800683066
1800772829
1801022478
1801059470
1802079548
1802085225
1802492462
1802873143
1803853184
1804299557
1804300742
1805099144
1805342414
1805394864
1805736962
1805868221
1807004722
1807268893
1807921459
1808228597
1808422489
1809038277
1809616704
1809713453
1810184584
1810391469
1810618026
1810700912
1810736296
1810738424
1810813492
1810929864
1811265220
1811457785
1812620243
1812642307
1812997375
1813037306
1813332238
1814186530
1814356423
1814696828
1814849704
1815029299
1816048264
1816200346
1817126109
1817349475
1817503619
1817967511
1818121693
1818173280
1818400198
1818512368
1818759723
1819178548
1819970450
1820570743
1820782566
1820784331
1821055591
1821536088
1821656587
1822119326
1822361594
1822550316
1822668086
1822709555
1822741421
1823735305
1824005591
1824199475
1824500106
1824501412
1824609630
1824752825
1824785816
1825126077
1825903918
1825941095
1826241985
1826436779
1826454699
1827083740
1827338080
1827504944
1827970521
1828159793
1828238225
1828243023
1828355928
1828666170
1828944692
1829076745
1829221996
1829635963
1829697333
1829763832
1829791846
1830196841
1830285667
1830505952
1831013409
1831091633
1831223444
1831483150
1831616572
1831716805
1831993398
1832113817
1832256673
1832790317
1833033888
1833179378
1833233973
1833542212
1833822528
1833922376
1834559753
1834689819
1834766139
1834990784
1835020110
1835287738
1836258060
1836378757
1836380214
1836409186
1836518915
1836651023
1837245585
1837514188
1837757669
1838029521
1838687649
1838737968
1838785585
1838791792
1838944128
1839051754
1839251546
1839274244
1839531937
1839673319
1839741540
1839758066
1839819145
1839969593
1840131222
1840578438
1840831564
1841188310
1841749912
1842641225
1843192210
1843326891
1843328978
1843468043
1843596228
1843765688
1843786870
1844455336
1844688994
1845191856
1845214094
1845304681
1845312440
1845315796
1845560341
1846051852
1846927540
1847060633
1848002183
1848237475
1848768524
1849518158
1849710969
1849836314
1849944186
1850072798
1850384162
1850464856
1850640170
1850895567
1851137985
1852475649
1852772706
1852855166
1852962133
1853027946
1853280887
1853419841
1853654412
1853746869
1853852263
1853859703
1854038670
1854154388
1854787827
1854803866
1855021292
1855605555
1855639532
1856604704
1856700898
1856712160
1856888910
1856924238
1857070551
1857254469
1857534947
1857751558
1857767324
1858081785
1858348168
1858685644
1858700670
1859151470
1859331065
1859427976
1859853029
1860088031
1860188376
1860449110
1860468052
1861087677
1861168844
1861598903
1861608157
1861741769
1862152001
1862818176
1863327638
1863364327
1863636338
1864558192
1864578638
1864875216
1864879715
1865185998
1865418300
1865526854
1865547378
1865886039
1865949407
1865962081
1866182991
1866231722
1866267204
1866372860
1866643093
1867017900
1867058090
1867062597
1867197818
1867905023
1868206832
1868569542
1868854193
1869762482
1869795599
1869955685
1870023808
1870123086
1870558254
1870621871
1870968013
1871527157
1871849660
1872166036
1872609184
1872713743
1873036756
1873380565
1873580690
1873742470
1873828386
1874694419
1874908561
1874957583
1875322198
1875374155
1875407127
1875781409
1876409566
1876744142
1877189192
1877396479
1877499577
1877576440
1877619876
1877855168
1877862676
1878057168
1878213493
1878361782
1878445899
1878463577
1878489397
1878978154
1879091357
1879707836
1879885884
1879902500
1880363214
1881047975
1881302384
1881364835
1882248099
1882670629
1882933873
1883302605
1883704046
1883833886
1884252509
1885148012
1885279044
1885332005
1885355997
1885511539
1886361202
1886515113
1886768746
1887139427
1887212358
1887390978
1887510067
1887520746
1887885288
1888045130
1888412311
1888817919
1888835620
1889153724
1889480378
1889510747
1889661120
1889827179
1889888932
1889985857
1890207380
1890571725
1890661047
1890854595
1890902184
1890984607
1891078650
1891314965
1891519178
1891795875
1891929603
1892595514
1892714856
1893081139
1893809459
1894211983
1894278385
1894289095
1894573304
1894590104
1894638035
1894897511
1894903242
1894905767
1895055587
1895317874
1895530568
1895590983
1895665907
1895713401
1895731803
1896116871
1896190325
1896378110
1896619282
1896679968
1897124210
1897346643
1897507302
1897523010
1898007583
1898139016
1898670660
1898730232
1898795990
1899560192
1899670308
1899820797
1900661879
1901073835
1901101252
1901243329
1902064229
1902151614
1902249573
1902587799
1902751812
1903109119
1903110677
1903166893
1903637522
1903768127
1903924725
1904557426
1904978349
1905926694
1906148529
1906988286
1907080307
1907450549
1907594161
1907669698
1908022433
1908162632
1909289377
1909931954
1910093063
1910335065
1910344411
1910467313
1910505078
1910556703
1910677059
1910767479
1911399083
1911440762
1911457817
1911518110
1911877154
1911981636
1913042677
1913775925
1914046490
1914207836
1914465434
1914612950
1914616184
1914898325
1915512565
1916732868
1916949288
1917290392
1917853506
1917903617
1918172743
1918238180
1918251652
1918348050
1918375939
1918678138
1919341325
1919975149
1921228626
1921253230
1921254557
1921644075
1921780235
1922073801
1922475401
1922654674
1922945253
1923418981
1923498877
1923565355
1923572708
1923986845
1924241306
1924365188
1924849855
1925136247
1925728719
1926764204
1927017482
1927502751
1927767657
1928213778
1928386801
1928505716
1928523451
1928591236
1928774756
1929262110
1929453811
1929823519
1930071040
1930408465
1930490059
1930600954
1930610727
1931009112
1931214071
1931547644
1932776304
1933153197
1933332621
1933603632
1933615324
1934558911
1934635508
1934946035
1935332588
1935399890
1935417229
1935832159
1935963345
1936227839
1936594639
1936758392
1936836854
1936896178
1937066703
1937250413
1937534549
1937954806
1938224184
1938760438
1938797537
1938844476
1939028926
1939042755
1939053393
1939332977
1939362952
1939973478
1940673000
1940679597
1940752605
1941328184
1941354313
1941681777
1941758238
1942079884
1942159875
1942186705
1942531536
1942782667
1943156714
1943375621
1943414602
1943739167
1943925582
1944334208
1944649266
1944833329
1945784297
1945892006
1945903869
1946141467
1947079514
1947177100
1947575983
1948170575
1948262984
1948282266
1948288961
1948610991
1948630163
1948992853
1949544459
1949816176
1949913477
1949976072
1950386398
1950942260
1951091576
1951184952
1951413350
1951453224
1951564240
1951673423
1951802953
1952064453
1952138617
1952380958
1952546801
1952637090
1953508517
1953918107
1954605632
1955076893
1955315358
1955720451
1956048234
1956051499
1957263023
1957635811
1957865945
1957899263
1958221663
1958320204
1958399375
1958525380
1958789213
1958807920
1958938106
1958989402
1959009996
1959265586
1959355757
1959403189
1959935781
1960327722
1961009611
1961279500
1961321072
1962064741
1962919419
1963066048
1963252929
1963440853
1963464090
1963559099
1963919214
1964174713
1964636377
1964885692
1965036140
1965440585
1965555891
1965960633
1966501225
1967011399
1967371001
1967438756
1967797994
1968609962
1968680341
1968954625
1969085390
1969093873
1969437846
1969588989
1969670273
1970199658
1970657251
1970745879
1971184398
1971227725
1971327427
1971467812
1972798277
1973189863
1973409163
1973632249
1973833904
1974011707
1974071756
1974436272
1974592326
1975644083
1975794552
1976341337
1976585264
1977013531
1977156380
1977305591
1977308673
1977544293
1978360096
1978569017
1979052658
1979412223
1979533419
1979591807
1979604870
1979605442
1979679013
1979745552
1979887568
1980165262
1980218499
1980862778
1981197014
1981555418
1981606313
1982218236
1983138607
1983286522
1983322888
1983475891
1983530044
1983735919
1984287022
1984296150
1984397672
1984594854
1985052884
1985068525
1985071060
1985160415
1985615265
1985655935
1985683647
1985823696
1985951228
1986116369
1986612048
1986689228
1986935055
1987063483
1987129115
1987286720
1987401768
1987403638
1987462630
1987551632
1987559104
1987989444
1988087832
1988189408
1988688565
1989299420
1989619683
1990003284
1990504868
1990818482
1991140545
1991207740
1991388933
1991577515
1991614083
1991797798
1991985754
1993222131
1994180368
1994189616
1994342308
1994695230
1995517011
1995667840
1995994521
1996025917
1996099149
1996488744
1996728035
1997255208
1997362820
1997691791
1998422741
1998720820
1998860433
1999507043
1999526288
1999830456
2000024170
2000288691
2000337972
2000432004
2000856502
2001880620
2003010997
2003252230
2003268050
2003416032
2003735790
2003804042
2003931112
2004088413
2004673722
2004796537
2004911211
2005434415
2005738638
2006006576
2006546942
2006592630
2007135047
2007354996
2007577266
2007657286
2007932215
2008099251
2008143213
2008226457
2008687945
2008901394
2009148774
2009160520
2009488347
2009855136
2009856464
2010069420
2010503464
2010663092
2011081444
2011111877
2011138444
2011430285
2011459477
2011630040
2011679827
2012224705
2012368302
2012665109
2012814342
2013626146
2013685996
2014786488
2015532416
2015543505
2016222972
2016370835
2016669059
2016840761
2016929220
2018004971
2018190282
2018199794
2018264369
2018468716
2018910904
2018982904
2019146012
2019196847
2019215528
2019251906
2019331314
2020445667
2020674746
2020749280
2021113935
2021296284
2022018103
2022122179
2022326437
2022380862
2022458899
2022511868
2022570081
2024021026
2024382444
2025099433
2025512703
2026148134
2026465075
2027672834
2027718592
2028306444
2028365545
2028466473
2028858170
2028873861
2028964913
2029001494
2029103230
2030198453
2030441200
2030738501
2030776093
2030830398
2030839592
2031058853
2031277766
2031384357
2031479399
2031944999
2032041588
2032616093
2032999234
2033992574
2034098954
2034300709
2034744936
2034939327
2035103738
2035189133
2035419290
2035748743
2035772545
2036399670
2036686616
2036724830
2036773851
2037214688
2037406495
2037754413
2038014927
2038125178
2038143776
2038416199
2038487347
2038613767
2039052374
2039201676
2039224240
2039228754
2039282666
2040055747
2040404344
2040733486
2040852212
2041131943
2042074944
2042270158
2042756381
2042763962
2042909797
2044099355
2044170524
2044502669
2044508017
2044552716
2044706653
2044716346
2045502101
2046401807
2046438643
2046606026
2046608637
2047286683
2047825834
2048019119
2048192355
2048291064
2048354840
2048383954
2049049035
2049119848
2049146770
2049410018
2049427564
2049718304
2050014440
2050102181
2050401186
2050569089
2051702792
2051984879
2052085565
2052237373
2052333121
2052392774
2052647115
2052736479
2052849097
2053685276
2053745574
2054203153
2054661076
2054816779
2054844918
2055175657
2055258842
2055422840
2055623711
2055689001
2055991805
2056188312
2056394645
2057226176
2057454356
2057529404
2057733680
2057829631
2058019398
2059055429
2059816280
2060369328
2060818332
2060944841
2060964525
2061643681
2061792796
2061874164
2062115125
2062555449
2062627100
2063205832
2063327726
2063521422
2063963142
2064479958
2064586861
2064856196
2064856872
2064859442
2064961061
2065043182
2065169042
2065247875
2065538691
2065540885
2066141138
2066285856
2066361449
2066671130
2067232778
2067485270
2067693361
2068650140
2068871786
2068885558
2069583677
2069631535
2070042782
2070300750
2070467864
2070470210
2070881720
2070990166
2071107987
2071412450
2071715988
2071850501
2072088400
2072261044
2072287788
2073151666
2073499710
2073515600
2073791197
2073846119
2074099456
2074494300
2074533649
2074827967
2074867741
2074970503
2075281225
2075600472
2075848008
2076332946
2076638775
2076647414
2076695824
2076726369
2076839058
2077029768
2077187677
2077703026
2077742597
2078137972
2078528700
2078791262
2079300312
2081089132
2081256632
2081357475
2082147414
2082173707
2082279532
2082822731
2082848297
2083505460
2083920224
2084150682
2084164144
2084417225
2084692094
2084749977
2084932960
2084960988
2085930574
2086032448
2086164659
2086304048
2086330437
2086553929
2086753919
2087211358
2087424964
2087608013
2087766330
2088009585
2088301684
2089426606
2089881087
2090363336
2090966392
2091048330
2091071900
2091150944
2091435162
2091491213
2091598415
2092190767
2092213105
2092306362
2092555768
2092756043
2092805189
2092999434
2093415594
2093502229
2093576053
2093633413
2093883434
2093897720
2093927065
2094016705
2094156887
2094344766
2094613980
2095601174
2095679690
2095813584
2095926463
2096197005
2096505436
2096710071
2096994827
2097213335
2097327036
2097672598
2098025865
2098071871
2098080055
2098221092
2098286361
2098457485
2098561130
2098606523
2098706282
2098734847
2099069000
2100298479
2100698808
2100823447
2100837365
2100922659
2101077379
2101932228
2102652388
2102779974
2102812107
2102858256
2102920891
2103001972
2103342921
2103449961
2103778207
2104330729
2104455769
2104478984
2104497864
2105153094
2105218546
2105479947
2105710738
2105923015
2105960182
2106011555
2106148417
2106928292
2107278111
2107611062
2107936293
2107972311
2108600050
2109223858
2109306325
2109650306
2109993298
2110051838
2110501010
2110893885
2110959835
2111301078
2111343351
2111360255
2111612465
2111624680
2111627503
2112049075
2112228573
2112792383
2112828445
2113151017
2113915150
2114070937
2114495634
2114553820
2114752836
2115351045
2115629251
2115808413
2116027601
2116692085
2116726561
2117270477
2117551838
2118345705
2118399576
2118550442
2118686445
2118765018
2118855408
2119675079
2119684911
2119748103
2119765517
2120055955
2120539865
2121165912
2121708716
2122040024
2122106290
2122312625
2122424829
2122575888
2122692970
2123085813
2123773151
2124004502
2124421973
2125427473
2126456573
2126801191
2127130774
2127359035
2127471130
2127611788
2128150687
2128263030
2128932260
2129141680
2129338132
2129881741
2130099428
2130285045
2130317560
2130626474
2131544350
2132228212
2132462754
2132750624
2132974874
2133120672
2133180768
2133461860
2133872100
2134028739
2134559742
2135020345
2135337082
2135447774
2135586966
2135895092
2135961170
2135986723
2136183524
2136539777
2136929692
2137086409
2137090796
2137661443
2137810227
2138205297
2138231922
2138855606
2139713376
2139722535
2140093171
2140433251
2140646290
2141035089
2141110511
2141164432
2141227215
2143055394
2143067947
2143183648
2144171166
2144727377
2144736423
2144848448
2145980990
2146000593
2146401811
2146573762
2146773061
2147094721
